0.000000	1.000000
0.001000	1.000000
0.002000	0.999998
0.003000	0.999996
0.004000	0.999992
0.005000	0.999987
0.006000	0.999982
0.007000	0.999976
0.008000	0.999968
0.009000	0.999960
0.010000	0.999950
0.011000	0.999940
0.012000	0.999928
0.013000	0.999915
0.014000	0.999902
0.015000	0.999888
0.016000	0.999872
0.017000	0.999856
0.018000	0.999838
0.019000	0.999820
0.020000	0.999800
0.021000	0.999780
0.022000	0.999758
0.023000	0.999735
0.024000	0.999712
0.025000	0.999687
0.026000	0.999662
0.027000	0.999636
0.028000	0.999608
0.029000	0.999579
0.030000	0.999550
0.031000	0.999520
0.032000	0.999488
0.033000	0.999456
0.034000	0.999422
0.035000	0.999388
0.036000	0.999352
0.037000	0.999316
0.038000	0.999278
0.039000	0.999240
0.040000	0.999200
0.041000	0.999160
0.042000	0.999118
0.043000	0.999076
0.044000	0.999032
0.045000	0.998988
0.046000	0.998942
0.047000	0.998896
0.048000	0.998848
0.049000	0.998800
0.050000	0.998750
0.051000	0.998700
0.052000	0.998648
0.053000	0.998596
0.054000	0.998542
0.055000	0.998488
0.056000	0.998432
0.057000	0.998376
0.058000	0.998318
0.059000	0.998260
0.060000	0.998201
0.061000	0.998140
0.062000	0.998079
0.063000	0.998016
0.064000	0.997953
0.065000	0.997888
0.066000	0.997823
0.067000	0.997756
0.068000	0.997689
0.069000	0.997620
0.070000	0.997551
0.071000	0.997481
0.072000	0.997409
0.073000	0.997337
0.074000	0.997263
0.075000	0.997189
0.076000	0.997113
0.077000	0.997037
0.078000	0.996960
0.079000	0.996881
0.080000	0.996802
0.081000	0.996721
0.082000	0.996640
0.083000	0.996557
0.084000	0.996474
0.085000	0.996390
0.086000	0.996304
0.087000	0.996218
0.088000	0.996131
0.089000	0.996042
0.090000	0.995953
0.091000	0.995862
0.092000	0.995771
0.093000	0.995679
0.094000	0.995585
0.095000	0.995491
0.096000	0.995396
0.097000	0.995299
0.098000	0.995202
0.099000	0.995103
0.100000	0.995004
0.101000	0.994904
0.102000	0.994803
0.103000	0.994700
0.104000	0.994597
0.105000	0.994493
0.106000	0.994387
0.107000	0.994281
0.108000	0.994174
0.109000	0.994065
0.110000	0.993956
0.111000	0.993846
0.112000	0.993735
0.113000	0.993622
0.114000	0.993509
0.115000	0.993395
0.116000	0.993280
0.117000	0.993163
0.118000	0.993046
0.119000	0.992928
0.120000	0.992809
0.121000	0.992688
0.122000	0.992567
0.123000	0.992445
0.124000	0.992322
0.125000	0.992198
0.126000	0.992072
0.127000	0.991946
0.128000	0.991819
0.129000	0.991691
0.130000	0.991562
0.131000	0.991432
0.132000	0.991301
0.133000	0.991169
0.134000	0.991035
0.135000	0.990901
0.136000	0.990766
0.137000	0.990630
0.138000	0.990493
0.139000	0.990355
0.140000	0.990216
0.141000	0.990076
0.142000	0.989935
0.143000	0.989793
0.144000	0.989650
0.145000	0.989506
0.146000	0.989361
0.147000	0.989215
0.148000	0.989068
0.149000	0.988920
0.150000	0.988771
0.151000	0.988621
0.152000	0.988470
0.153000	0.988318
0.154000	0.988165
0.155000	0.988011
0.156000	0.987857
0.157000	0.987701
0.158000	0.987544
0.159000	0.987386
0.160000	0.987227
0.161000	0.987067
0.162000	0.986907
0.163000	0.986745
0.164000	0.986582
0.165000	0.986418
0.166000	0.986254
0.167000	0.986088
0.168000	0.985921
0.169000	0.985753
0.170000	0.985585
0.171000	0.985415
0.172000	0.985244
0.173000	0.985073
0.174000	0.984900
0.175000	0.984727
0.176000	0.984552
0.177000	0.984376
0.178000	0.984200
0.179000	0.984022
0.180000	0.983844
0.181000	0.983664
0.182000	0.983484
0.183000	0.983302
0.184000	0.983120
0.185000	0.982936
0.186000	0.982752
0.187000	0.982566
0.188000	0.982380
0.189000	0.982193
0.190000	0.982004
0.191000	0.981815
0.192000	0.981625
0.193000	0.981433
0.194000	0.981241
0.195000	0.981048
0.196000	0.980853
0.197000	0.980658
0.198000	0.980462
0.199000	0.980265
0.200000	0.980067
0.201000	0.979867
0.202000	0.979667
0.203000	0.979466
0.204000	0.979264
0.205000	0.979061
0.206000	0.978857
0.207000	0.978652
0.208000	0.978446
0.209000	0.978239
0.210000	0.978031
0.211000	0.977822
0.212000	0.977612
0.213000	0.977401
0.214000	0.977189
0.215000	0.976977
0.216000	0.976763
0.217000	0.976548
0.218000	0.976332
0.219000	0.976115
0.220000	0.975897
0.221000	0.975679
0.222000	0.975459
0.223000	0.975238
0.224000	0.975017
0.225000	0.974794
0.226000	0.974570
0.227000	0.974346
0.228000	0.974120
0.229000	0.973894
0.230000	0.973666
0.231000	0.973438
0.232000	0.973208
0.233000	0.972978
0.234000	0.972747
0.235000	0.972514
0.236000	0.972281
0.237000	0.972047
0.238000	0.971811
0.239000	0.971575
0.240000	0.971338
0.241000	0.971100
0.242000	0.970861
0.243000	0.970620
0.244000	0.970379
0.245000	0.970137
0.246000	0.969894
0.247000	0.969650
0.248000	0.969405
0.249000	0.969159
0.250000	0.968912
0.251000	0.968664
0.252000	0.968416
0.253000	0.968166
0.254000	0.967915
0.255000	0.967663
0.256000	0.967410
0.257000	0.967157
0.258000	0.966902
0.259000	0.966647
0.260000	0.966390
0.261000	0.966132
0.262000	0.965874
0.263000	0.965614
0.264000	0.965354
0.265000	0.965092
0.266000	0.964830
0.267000	0.964567
0.268000	0.964302
0.269000	0.964037
0.270000	0.963771
0.271000	0.963504
0.272000	0.963235
0.273000	0.962966
0.274000	0.962696
0.275000	0.962425
0.276000	0.962153
0.277000	0.961880
0.278000	0.961606
0.279000	0.961331
0.280000	0.961055
0.281000	0.960779
0.282000	0.960501
0.283000	0.960222
0.284000	0.959942
0.285000	0.959662
0.286000	0.959380
0.287000	0.959097
0.288000	0.958814
0.289000	0.958529
0.290000	0.958244
0.291000	0.957958
0.292000	0.957670
0.293000	0.957382
0.294000	0.957092
0.295000	0.956802
0.296000	0.956511
0.297000	0.956219
0.298000	0.955926
0.299000	0.955632
0.300000	0.955337
0.301000	0.955041
0.302000	0.954744
0.303000	0.954446
0.304000	0.954147
0.305000	0.953847
0.306000	0.953546
0.307000	0.953245
0.308000	0.952942
0.309000	0.952638
0.310000	0.952334
0.311000	0.952028
0.312000	0.951722
0.313000	0.951414
0.314000	0.951106
0.314999	0.950797
0.315999	0.950486
0.316999	0.950175
0.317999	0.949863
0.318999	0.949550
0.319999	0.949236
0.320999	0.948921
0.321999	0.948605
0.322999	0.948288
0.323999	0.947970
0.324999	0.947651
0.325999	0.947331
0.326999	0.947010
0.327999	0.946689
0.328999	0.946366
0.329999	0.946043
0.330999	0.945718
0.331999	0.945393
0.332999	0.945066
0.333999	0.944739
0.334999	0.944411
0.335999	0.944081
0.336999	0.943751
0.337999	0.943420
0.338999	0.943088
0.339999	0.942755
0.340999	0.942421
0.341999	0.942086
0.342999	0.941750
0.343999	0.941413
0.344999	0.941076
0.345999	0.940737
0.346999	0.940397
0.347999	0.940057
0.348999	0.939716
0.349999	0.939373
0.350999	0.939030
0.351999	0.938685
0.352999	0.938340
0.353999	0.937994
0.354999	0.937647
0.355999	0.937299
0.356999	0.936950
0.357999	0.936600
0.358999	0.936249
0.359999	0.935897
0.360999	0.935544
0.361999	0.935191
0.362999	0.934836
0.363999	0.934481
0.364999	0.934124
0.365999	0.933767
0.366999	0.933408
0.367999	0.933049
0.368999	0.932689
0.369999	0.932328
0.370999	0.931966
0.371999	0.931603
0.372999	0.931239
0.373999	0.930874
0.374999	0.930508
0.375999	0.930141
0.376999	0.929774
0.377999	0.929405
0.378999	0.929036
0.379999	0.928665
0.380999	0.928294
0.381999	0.927921
0.382999	0.927548
0.383999	0.927174
0.384999	0.926799
0.385999	0.926423
0.386999	0.926046
0.387999	0.925668
0.388999	0.925289
0.389999	0.924910
0.390999	0.924529
0.391998	0.924147
0.392998	0.923765
0.393998	0.923382
0.394998	0.922997
0.395998	0.922612
0.396998	0.922226
0.397998	0.921839
0.398998	0.921451
0.399998	0.921062
0.400998	0.920672
0.401998	0.920281
0.402998	0.919889
0.403998	0.919497
0.404998	0.919103
0.405998	0.918709
0.406998	0.918313
0.407998	0.917917
0.408998	0.917520
0.409998	0.917121
0.410998	0.916722
0.411998	0.916322
0.412998	0.915922
0.413998	0.915520
0.414998	0.915117
0.415998	0.914713
0.416998	0.914309
0.417998	0.913903
0.418998	0.913497
0.419998	0.913090
0.420998	0.912681
0.421998	0.912272
0.422998	0.911862
0.423998	0.911451
0.424998	0.911039
0.425998	0.910627
0.426998	0.910213
0.427998	0.909798
0.428998	0.909383
0.429998	0.908967
0.430998	0.908549
0.431998	0.908131
0.432998	0.907712
0.433998	0.907292
0.434998	0.906871
0.435998	0.906449
0.436998	0.906026
0.437998	0.905603
0.438998	0.905178
0.439998	0.904753
0.440998	0.904326
0.441998	0.903899
0.442998	0.903471
0.443998	0.903042
0.444998	0.902612
0.445998	0.902181
0.446998	0.901749
0.447998	0.901316
0.448998	0.900883
0.449998	0.900448
0.450998	0.900013
0.451998	0.899576
0.452998	0.899139
0.453998	0.898701
0.454998	0.898262
0.455998	0.897822
0.456998	0.897381
0.457998	0.896940
0.458998	0.896497
0.459998	0.896053
0.460998	0.895609
0.461998	0.895164
0.462998	0.894718
0.463998	0.894271
0.464998	0.893823
0.465998	0.893374
0.466998	0.892924
0.467998	0.892473
0.468998	0.892022
0.469997	0.891569
0.470997	0.891116
0.471997	0.890662
0.472997	0.890207
0.473997	0.889751
0.474997	0.889294
0.475997	0.888836
0.476997	0.888377
0.477997	0.887918
0.478997	0.887457
0.479997	0.886996
0.480997	0.886534
0.481997	0.886071
0.482997	0.885607
0.483997	0.885142
0.484997	0.884676
0.485997	0.884209
0.486997	0.883742
0.487997	0.883274
0.488997	0.882804
0.489997	0.882334
0.490997	0.881863
0.491997	0.881391
0.492997	0.880918
0.493997	0.880445
0.494997	0.879970
0.495997	0.879494
0.496997	0.879018
0.497997	0.878541
0.498997	0.878063
0.499997	0.877584
0.500997	0.877104
0.501997	0.876623
0.502997	0.876142
0.503997	0.875659
0.504997	0.875176
0.505997	0.874692
0.506997	0.874206
0.507997	0.873721
0.508997	0.873234
0.509997	0.872746
0.510997	0.872257
0.511997	0.871768
0.512997	0.871277
0.513997	0.870786
0.514997	0.870294
0.515997	0.869801
0.516997	0.869307
0.517997	0.868813
0.518997	0.868317
0.519997	0.867821
0.520997	0.867323
0.521997	0.866825
0.522997	0.866326
0.523997	0.865826
0.524997	0.865325
0.525997	0.864824
0.526997	0.864321
0.527997	0.863818
0.528997	0.863314
0.529997	0.862809
0.530997	0.862303
0.531997	0.861796
0.532997	0.861288
0.533997	0.860780
0.534997	0.860270
0.535997	0.859760
0.536997	0.859249
0.537997	0.858737
0.538997	0.858224
0.539997	0.857710
0.540997	0.857196
0.541997	0.856680
0.542997	0.856164
0.543997	0.855647
0.544997	0.855129
0.545997	0.854610
0.546997	0.854090
0.547997	0.853570
0.548997	0.853048
0.549996	0.852526
0.550996	0.852003
0.551996	0.851479
0.552996	0.850954
0.553996	0.850429
0.554996	0.849902
0.555996	0.849375
0.556996	0.848846
0.557996	0.848317
0.558996	0.847788
0.559996	0.847257
0.560996	0.846725
0.561996	0.846193
0.562996	0.845659
0.563996	0.845125
0.564996	0.844590
0.565996	0.844054
0.566996	0.843518
0.567996	0.842980
0.568996	0.842442
0.569996	0.841903
0.570996	0.841363
0.571996	0.840822
0.572996	0.840280
0.573996	0.839738
0.574996	0.839194
0.575996	0.838650
0.576996	0.838105
0.577996	0.837559
0.578996	0.837012
0.579996	0.836464
0.580996	0.835916
0.581996	0.835367
0.582996	0.834817
0.583996	0.834266
0.584996	0.833714
0.585996	0.833161
0.586996	0.832608
0.587996	0.832054
0.588996	0.831498
0.589996	0.830943
0.590996	0.830386
0.591996	0.829828
0.592996	0.829270
0.593996	0.828710
0.594996	0.828150
0.595996	0.827590
0.596996	0.827028
0.597996	0.826465
0.598996	0.825902
0.599996	0.825338
0.600996	0.824772
0.601996	0.824207
0.602996	0.823640
0.603996	0.823072
0.604996	0.822504
0.605996	0.821935
0.606996	0.821365
0.607996	0.820794
0.608996	0.820222
0.609996	0.819650
0.610996	0.819077
0.611996	0.818503
0.612996	0.817928
0.613996	0.817352
0.614996	0.816775
0.615996	0.816198
0.616996	0.815620
0.617996	0.815041
0.618996	0.814461
0.619996	0.813881
0.620996	0.813299
0.621996	0.812717
0.622996	0.812134
0.623996	0.811550
0.624996	0.810966
0.625996	0.810380
0.626996	0.809794
0.627995	0.809207
0.628995	0.808619
0.629995	0.808030
0.630995	0.807441
0.631995	0.806850
0.632995	0.806259
0.633995	0.805667
0.634995	0.805074
0.635995	0.804481
0.636995	0.803886
0.637995	0.803291
0.638995	0.802695
0.639995	0.802099
0.640995	0.801501
0.641995	0.800903
0.642995	0.800303
0.643995	0.799703
0.644995	0.799103
0.645995	0.798501
0.646995	0.797899
0.647995	0.797296
0.648995	0.796691
0.649995	0.796087
0.650995	0.795481
0.651995	0.794875
0.652995	0.794268
0.653995	0.793660
0.654995	0.793051
0.655995	0.792441
0.656995	0.791831
0.657995	0.791220
0.658995	0.790608
0.659995	0.789995
0.660995	0.789382
0.661995	0.788767
0.662995	0.788152
0.663995	0.787537
0.664995	0.786920
0.665995	0.786302
0.666995	0.785684
0.667995	0.785065
0.668995	0.784445
0.669995	0.783825
0.670995	0.783203
0.671995	0.782581
0.672995	0.781958
0.673995	0.781335
0.674995	0.780710
0.675995	0.780085
0.676995	0.779459
0.677995	0.778832
0.678995	0.778204
0.679995	0.777576
0.680995	0.776947
0.681995	0.776317
0.682995	0.775686
0.683995	0.775055
0.684995	0.774422
0.685995	0.773789
0.686995	0.773156
0.687995	0.772521
0.688995	0.771886
0.689995	0.771249
0.690995	0.770612
0.691995	0.769975
0.692995	0.769336
0.693995	0.768697
0.694995	0.768057
0.695995	0.767416
0.696995	0.766775
0.697995	0.766133
0.698995	0.765490
0.699995	0.764846
0.700995	0.764201
0.701995	0.763556
0.702995	0.762910
0.703995	0.762263
0.704994	0.761615
0.705994	0.760967
0.706994	0.760318
0.707994	0.759668
0.708994	0.759017
0.709994	0.758366
0.710994	0.757713
0.711994	0.757060
0.712994	0.756407
0.713994	0.755752
0.714994	0.755097
0.715994	0.754441
0.716994	0.753784
0.717994	0.753127
0.718994	0.752469
0.719994	0.751809
0.720994	0.751150
0.721994	0.750489
0.722994	0.749828
0.723994	0.749166
0.724994	0.748503
0.725994	0.747840
0.726994	0.747176
0.727994	0.746511
0.728994	0.745845
0.729994	0.745178
0.730994	0.744511
0.731994	0.743843
0.732994	0.743174
0.733994	0.742505
0.734994	0.741835
0.735994	0.741164
0.736994	0.740492
0.737994	0.739820
0.738994	0.739146
0.739994	0.738473
0.740994	0.737798
0.741994	0.737123
0.742994	0.736446
0.743994	0.735770
0.744994	0.735092
0.745994	0.734414
0.746994	0.733735
0.747994	0.733055
0.748994	0.732374
0.749994	0.731693
0.750994	0.731011
0.751994	0.730328
0.752994	0.729645
0.753994	0.728961
0.754994	0.728276
0.755994	0.727590
0.756994	0.726904
0.757994	0.726217
0.758994	0.725529
0.759994	0.724840
0.760994	0.724151
0.761994	0.723461
0.762994	0.722770
0.763994	0.722079
0.764994	0.721387
0.765994	0.720694
0.766994	0.720000
0.767994	0.719306
0.768994	0.718611
0.769994	0.717915
0.770994	0.717219
0.771994	0.716521
0.772994	0.715823
0.773994	0.715125
0.774994	0.714426
0.775994	0.713726
0.776994	0.713025
0.777994	0.712323
0.778994	0.711621
0.779994	0.710918
0.780994	0.710214
0.781994	0.709510
0.782993	0.708805
0.783993	0.708099
0.784993	0.707393
0.785993	0.706686
0.786993	0.705978
0.787993	0.705269
0.788993	0.704560
0.789993	0.703850
0.790993	0.703139
0.791993	0.702428
0.792993	0.701716
0.793993	0.701003
0.794993	0.700289
0.795993	0.699575
0.796993	0.698860
0.797993	0.698145
0.798993	0.697429
0.799993	0.696712
0.800993	0.695994
0.801993	0.695275
0.802993	0.694556
0.803993	0.693837
0.804993	0.693116
0.805993	0.692395
0.806993	0.691673
0.807993	0.690951
0.808993	0.690227
0.809993	0.689503
0.810993	0.688779
0.811993	0.688054
0.812993	0.687328
0.813993	0.686601
0.814993	0.685874
0.815993	0.685145
0.816993	0.684417
0.817993	0.683687
0.818993	0.682957
0.819993	0.682226
0.820993	0.681495
0.821993	0.680763
0.822993	0.680030
0.823993	0.679296
0.824993	0.678562
0.825993	0.677827
0.826993	0.677092
0.827993	0.676356
0.828993	0.675619
0.829993	0.674881
0.830993	0.674143
0.831993	0.673404
0.832993	0.672664
0.833993	0.671924
0.834993	0.671183
0.835993	0.670441
0.836993	0.669699
0.837993	0.668956
0.838993	0.668213
0.839993	0.667468
0.840993	0.666723
0.841993	0.665978
0.842993	0.665231
0.843993	0.664484
0.844993	0.663737
0.845993	0.662988
0.846993	0.662240
0.847993	0.661490
0.848993	0.660740
0.849993	0.659989
0.850993	0.659237
0.851993	0.658485
0.852993	0.657732
0.853993	0.656978
0.854993	0.656224
0.855993	0.655469
0.856993	0.654714
0.857993	0.653958
0.858993	0.653201
0.859993	0.652443
0.860992	0.651685
0.861992	0.650926
0.862992	0.650167
0.863992	0.649407
0.864992	0.648646
0.865992	0.647885
0.866992	0.647123
0.867992	0.646360
0.868992	0.645596
0.869992	0.644832
0.870992	0.644068
0.871992	0.643303
0.872992	0.642537
0.873992	0.641770
0.874992	0.641003
0.875992	0.640235
0.876992	0.639467
0.877992	0.638697
0.878992	0.637928
0.879992	0.637157
0.880992	0.636386
0.881992	0.635615
0.882992	0.634842
0.883992	0.634069
0.884992	0.633296
0.885992	0.632521
0.886992	0.631747
0.887992	0.630971
0.888992	0.630195
0.889992	0.629418
0.890992	0.628641
0.891992	0.627863
0.892992	0.627084
0.893992	0.626305
0.894992	0.625525
0.895992	0.624745
0.896992	0.623963
0.897992	0.623182
0.898992	0.622399
0.899992	0.621616
0.900992	0.620833
0.901992	0.620048
0.902992	0.619264
0.903992	0.618478
0.904992	0.617692
0.905992	0.616905
0.906992	0.616118
0.907992	0.615330
0.908992	0.614541
0.909992	0.613752
0.910992	0.612962
0.911992	0.612172
0.912992	0.611381
0.913992	0.610590
0.914992	0.609797
0.915992	0.609004
0.916992	0.608211
0.917992	0.607417
0.918992	0.606622
0.919992	0.605827
0.920992	0.605031
0.921992	0.604234
0.922992	0.603437
0.923992	0.602640
0.924992	0.601841
0.925992	0.601043
0.926992	0.600243
0.927992	0.599443
0.928992	0.598642
0.929992	0.597841
0.930992	0.597039
0.931992	0.596236
0.932992	0.595433
0.933992	0.594630
0.934992	0.593825
0.935992	0.593020
0.936992	0.592215
0.937991	0.591409
0.938991	0.590602
0.939991	0.589795
0.940991	0.588987
0.941991	0.588179
0.942991	0.587370
0.943991	0.586560
0.944991	0.585750
0.945991	0.584939
0.946991	0.584128
0.947991	0.583316
0.948991	0.582503
0.949991	0.581690
0.950991	0.580877
0.951991	0.580062
0.952991	0.579247
0.953991	0.578432
0.954991	0.577616
0.955991	0.576799
0.956991	0.575982
0.957991	0.575164
0.958991	0.574346
0.959991	0.573527
0.960991	0.572708
0.961991	0.571888
0.962991	0.571067
0.963991	0.570246
0.964991	0.569424
0.965991	0.568602
0.966991	0.567779
0.967991	0.566956
0.968991	0.566132
0.969991	0.565307
0.970991	0.564482
0.971991	0.563656
0.972991	0.562830
0.973991	0.562003
0.974991	0.561176
0.975991	0.560348
0.976991	0.559519
0.977991	0.558690
0.978991	0.557860
0.979991	0.557030
0.980991	0.556200
0.981991	0.555368
0.982991	0.554536
0.983991	0.553704
0.984991	0.552871
0.985991	0.552037
0.986991	0.551203
0.987991	0.550369
0.988991	0.549533
0.989991	0.548698
0.990991	0.547862
0.991991	0.547025
0.992991	0.546187
0.993991	0.545349
0.994991	0.544511
0.995991	0.543672
0.996991	0.542832
0.997991	0.541992
0.998991	0.541152
0.999991	0.540310
1.000991	0.539469
1.001991	0.538626
1.002991	0.537783
1.003991	0.536940
1.004991	0.536096
1.005991	0.535252
1.006991	0.534407
1.007991	0.533561
1.008991	0.532715
1.009991	0.531869
1.010991	0.531021
1.011991	0.530174
1.012991	0.529325
1.013991	0.528477
1.014991	0.527628
1.015991	0.526778
1.016991	0.525927
1.017992	0.525077
1.018992	0.524225
1.019992	0.523373
1.020992	0.522521
1.021992	0.521668
1.022992	0.520815
1.023992	0.519961
1.024992	0.519106
1.025992	0.518251
1.026992	0.517396
1.027992	0.516540
1.028992	0.515683
1.029992	0.514826
1.030992	0.513968
1.031992	0.513110
1.032992	0.512252
1.033992	0.511393
1.034992	0.510533
1.035992	0.509673
1.036992	0.508812
1.037992	0.507951
1.038993	0.507089
1.039993	0.506227
1.040993	0.505364
1.041993	0.504501
1.042993	0.503637
1.043993	0.502773
1.044993	0.501909
1.045993	0.501043
1.046993	0.500178
1.047993	0.499311
1.048993	0.498445
1.049993	0.497578
1.050993	0.496710
1.051993	0.495842
1.052993	0.494973
1.053993	0.494104
1.054993	0.493234
1.055993	0.492364
1.056993	0.491493
1.057993	0.490622
1.058993	0.489750
1.059994	0.488878
1.060994	0.488006
1.061994	0.487132
1.062994	0.486259
1.063994	0.485385
1.064994	0.484510
1.065994	0.483635
1.066994	0.482760
1.067994	0.481884
1.068994	0.481007
1.069994	0.480130
1.070994	0.479253
1.071994	0.478375
1.072994	0.477496
1.073994	0.476617
1.074994	0.475738
1.075994	0.474858
1.076994	0.473978
1.077994	0.473097
1.078994	0.472216
1.079994	0.471334
1.080994	0.470452
1.081995	0.469569
1.082995	0.468685
1.083995	0.467802
1.084995	0.466917
1.085995	0.466033
1.086995	0.465148
1.087995	0.464262
1.088995	0.463376
1.089995	0.462490
1.090995	0.461603
1.091995	0.460716
1.092995	0.459828
1.093995	0.458939
1.094995	0.458051
1.095995	0.457162
1.096995	0.456272
1.097995	0.455382
1.098995	0.454491
1.099995	0.453600
1.100995	0.452709
1.101995	0.451817
1.102996	0.450924
1.103996	0.450032
1.104996	0.449138
1.105996	0.448245
1.106996	0.447350
1.107996	0.446456
1.108996	0.445561
1.109996	0.444665
1.110996	0.443769
1.111996	0.442873
1.112996	0.441976
1.113996	0.441079
1.114996	0.440181
1.115996	0.439283
1.116996	0.438384
1.117996	0.437485
1.118996	0.436586
1.119996	0.435686
1.120996	0.434785
1.121996	0.433885
1.122996	0.432983
1.123996	0.432082
1.124997	0.431180
1.125997	0.430277
1.126997	0.429374
1.127997	0.428471
1.128997	0.427567
1.129997	0.426663
1.130997	0.425758
1.131997	0.424853
1.132997	0.423947
1.133997	0.423042
1.134997	0.422135
1.135997	0.421228
1.136997	0.420321
1.137997	0.419414
1.138997	0.418505
1.139997	0.417597
1.140997	0.416688
1.141997	0.415779
1.142997	0.414869
1.143997	0.413959
1.144997	0.413048
1.145998	0.412137
1.146998	0.411226
1.147998	0.410314
1.148998	0.409402
1.149998	0.408490
1.150998	0.407576
1.151998	0.406663
1.152998	0.405749
1.153998	0.404835
1.154998	0.403920
1.155998	0.403005
1.156998	0.402090
1.157998	0.401174
1.158998	0.400258
1.159998	0.399341
1.160998	0.398424
1.161998	0.397507
1.162998	0.396589
1.163998	0.395671
1.164998	0.394752
1.165998	0.393833
1.166999	0.392914
1.167999	0.391994
1.168999	0.391073
1.169999	0.390153
1.170999	0.389232
1.171999	0.388311
1.172999	0.387389
1.173999	0.386467
1.174999	0.385544
1.175999	0.384621
1.176999	0.383698
1.177999	0.382774
1.178999	0.381850
1.179999	0.380926
1.180999	0.380001
1.181999	0.379076
1.182999	0.378150
1.183999	0.377224
1.184999	0.376298
1.185999	0.375371
1.186999	0.374444
1.187999	0.373516
1.189000	0.372588
1.190000	0.371660
1.191000	0.370732
1.192000	0.369803
1.193000	0.368873
1.194000	0.367944
1.195000	0.367014
1.196000	0.366083
1.197000	0.365152
1.198000	0.364221
1.199000	0.363290
1.200000	0.362358
1.201000	0.361425
1.202000	0.360493
1.203000	0.359560
1.204000	0.358626
1.205000	0.357693
1.206000	0.356759
1.207000	0.355824
1.208000	0.354890
1.209000	0.353954
1.210001	0.353019
1.211001	0.352083
1.212001	0.351147
1.213001	0.350210
1.214001	0.349273
1.215001	0.348336
1.216001	0.347399
1.217001	0.346461
1.218001	0.345522
1.219001	0.344584
1.220001	0.343645
1.221001	0.342705
1.222001	0.341766
1.223001	0.340826
1.224001	0.339886
1.225001	0.338945
1.226001	0.338004
1.227001	0.337062
1.228001	0.336121
1.229001	0.335179
1.230001	0.334236
1.231001	0.333294
1.232002	0.332351
1.233002	0.331407
1.234002	0.330464
1.235002	0.329520
1.236002	0.328575
1.237002	0.327630
1.238002	0.326685
1.239002	0.325740
1.240002	0.324794
1.241002	0.323848
1.242002	0.322902
1.243002	0.321956
1.244002	0.321009
1.245002	0.320061
1.246002	0.319114
1.247002	0.318166
1.248002	0.317217
1.249002	0.316269
1.250002	0.315320
1.251002	0.314371
1.252002	0.313421
1.253003	0.312472
1.254003	0.311521
1.255003	0.310571
1.256003	0.309620
1.257003	0.308669
1.258003	0.307718
1.259003	0.306766
1.260003	0.305814
1.261003	0.304862
1.262003	0.303909
1.263003	0.302956
1.264003	0.302003
1.265003	0.301050
1.266003	0.300096
1.267003	0.299142
1.268003	0.298187
1.269003	0.297233
1.270003	0.296278
1.271003	0.295322
1.272003	0.294367
1.273003	0.293411
1.274004	0.292455
1.275004	0.291498
1.276004	0.290541
1.277004	0.289584
1.278004	0.288627
1.279004	0.287669
1.280004	0.286712
1.281004	0.285753
1.282004	0.284795
1.283004	0.283836
1.284004	0.282877
1.285004	0.281918
1.286004	0.280958
1.287004	0.279998
1.288004	0.279038
1.289004	0.278078
1.290004	0.277117
1.291004	0.276156
1.292004	0.275194
1.293004	0.274233
1.294004	0.273271
1.295004	0.272309
1.296005	0.271346
1.297005	0.270384
1.298005	0.269421
1.299005	0.268458
1.300005	0.267494
1.301005	0.266531
1.302005	0.265566
1.303005	0.264602
1.304005	0.263638
1.305005	0.262673
1.306005	0.261708
1.307005	0.260742
1.308005	0.259777
1.309005	0.258811
1.310005	0.257845
1.311005	0.256879
1.312005	0.255912
1.313005	0.254945
1.314005	0.253978
1.315005	0.253011
1.316005	0.252043
1.317006	0.251075
1.318006	0.250107
1.319006	0.249139
1.320006	0.248170
1.321006	0.247201
1.322006	0.246232
1.323006	0.245263
1.324006	0.244293
1.325006	0.243323
1.326006	0.242353
1.327006	0.241383
1.328006	0.240412
1.329006	0.239441
1.330006	0.238470
1.331006	0.237499
1.332006	0.236527
1.333006	0.235555
1.334006	0.234583
1.335006	0.233611
1.336006	0.232639
1.337006	0.231666
1.338006	0.230693
1.339007	0.229720
1.340007	0.228746
1.341007	0.227773
1.342007	0.226799
1.343007	0.225825
1.344007	0.224850
1.345007	0.223876
1.346007	0.222901
1.347007	0.221926
1.348007	0.220951
1.349007	0.219975
1.350007	0.219000
1.351007	0.218024
1.352007	0.217048
1.353007	0.216071
1.354007	0.215095
1.355007	0.214118
1.356007	0.213141
1.357007	0.212164
1.358007	0.211187
1.359007	0.210209
1.360008	0.209231
1.361008	0.208253
1.362008	0.207275
1.363008	0.206297
1.364008	0.205318
1.365008	0.204339
1.366008	0.203360
1.367008	0.202381
1.368008	0.201401
1.369008	0.200422
1.370008	0.199442
1.371008	0.198462
1.372008	0.197481
1.373008	0.196501
1.374008	0.195520
1.375008	0.194540
1.376008	0.193559
1.377008	0.192577
1.378008	0.191596
1.379008	0.190614
1.380008	0.189632
1.381009	0.188650
1.382009	0.187668
1.383009	0.186686
1.384009	0.185703
1.385009	0.184721
1.386009	0.183738
1.387009	0.182755
1.388009	0.181771
1.389009	0.180788
1.390009	0.179804
1.391009	0.178820
1.392009	0.177836
1.393009	0.176852
1.394009	0.175868
1.395009	0.174883
1.396009	0.173898
1.397009	0.172913
1.398009	0.171928
1.399009	0.170943
1.400009	0.169958
1.401009	0.168972
1.402009	0.167986
1.403010	0.167001
1.404010	0.166014
1.405010	0.165028
1.406010	0.164042
1.407010	0.163055
1.408010	0.162068
1.409010	0.161082
1.410010	0.160094
1.411010	0.159107
1.412010	0.158120
1.413010	0.157132
1.414010	0.156145
1.415010	0.155157
1.416010	0.154169
1.417010	0.153181
1.418010	0.152192
1.419010	0.151204
1.420010	0.150215
1.421010	0.149226
1.422010	0.148237
1.423010	0.147248
1.424011	0.146259
1.425011	0.145270
1.426011	0.144280
1.427011	0.143291
1.428011	0.142301
1.429011	0.141311
1.430011	0.140321
1.431011	0.139331
1.432011	0.138340
1.433011	0.137350
1.434011	0.136359
1.435011	0.135368
1.436011	0.134377
1.437011	0.133386
1.438011	0.132395
1.439011	0.131404
1.440011	0.130412
1.441011	0.129421
1.442011	0.128429
1.443011	0.127437
1.444011	0.126445
1.445011	0.125453
1.446012	0.124461
1.447012	0.123469
1.448012	0.122476
1.449012	0.121484
1.450012	0.120491
1.451012	0.119498
1.452012	0.118505
1.453012	0.117512
1.454012	0.116519
1.455012	0.115526
1.456012	0.114532
1.457012	0.113539
1.458012	0.112545
1.459012	0.111552
1.460012	0.110558
1.461012	0.109564
1.462012	0.108570
1.463012	0.107575
1.464012	0.106581
1.465012	0.105587
1.466012	0.104592
1.467013	0.103598
1.468013	0.102603
1.469013	0.101608
1.470013	0.100613
1.471013	0.099618
1.472013	0.098623
1.473013	0.097628
1.474013	0.096632
1.475013	0.095637
1.476013	0.094642
1.477013	0.093646
1.478013	0.092650
1.479013	0.091654
1.480013	0.090659
1.481013	0.089663
1.482013	0.088666
1.483013	0.087670
1.484013	0.086674
1.485013	0.085678
1.486013	0.084681
1.487013	0.083685
1.488014	0.082688
1.489014	0.081692
1.490014	0.080695
1.491014	0.079698
1.492014	0.078701
1.493014	0.077704
1.494014	0.076707
1.495014	0.075710
1.496014	0.074713
1.497014	0.073715
1.498014	0.072718
1.499014	0.071721
1.500014	0.070723
1.501014	0.069726
1.502014	0.068728
1.503014	0.067730
1.504014	0.066732
1.505014	0.065735
1.506014	0.064737
1.507014	0.063739
1.508014	0.062741
1.509014	0.061743
1.510015	0.060744
1.511015	0.059746
1.512015	0.058748
1.513015	0.057750
1.514015	0.056751
1.515015	0.055753
1.516015	0.054754
1.517015	0.053756
1.518015	0.052757
1.519015	0.051758
1.520015	0.050760
1.521015	0.049761
1.522015	0.048762
1.523015	0.047763
1.524015	0.046764
1.525015	0.045765
1.526015	0.044766
1.527015	0.043767
1.528015	0.042768
1.529015	0.041769
1.530015	0.040770
1.531016	0.039770
1.532016	0.038771
1.533016	0.037772
1.534016	0.036772
1.535016	0.035773
1.536016	0.034774
1.537016	0.033774
1.538016	0.032775
1.539016	0.031775
1.540016	0.030776
1.541016	0.029776
1.542016	0.028776
1.543016	0.027777
1.544016	0.026777
1.545016	0.025777
1.546016	0.024778
1.547016	0.023778
1.548016	0.022778
1.549016	0.021778
1.550016	0.020778
1.551016	0.019779
1.552016	0.018779
1.553017	0.017779
1.554017	0.016779
1.555017	0.015779
1.556017	0.014779
1.557017	0.013779
1.558017	0.012779
1.559017	0.011779
1.560017	0.010779
1.561017	0.009779
1.562017	0.008779
1.563017	0.007779
1.564017	0.006779
1.565017	0.005779
1.566017	0.004779
1.567017	0.003779
1.568017	0.002779
1.569017	0.001779
1.570017	0.000779
1.571017	-0.000221
1.572017	-0.001221
1.573017	-0.002221
1.574018	-0.003221
1.575018	-0.004221
1.576018	-0.005221
1.577018	-0.006221
1.578018	-0.007221
1.579018	-0.008221
1.580018	-0.009221
1.581018	-0.010221
1.582018	-0.011221
1.583018	-0.012221
1.584018	-0.013221
1.585018	-0.014221
1.586018	-0.015221
1.587018	-0.016221
1.588018	-0.017221
1.589018	-0.018221
1.590018	-0.019221
1.591018	-0.020221
1.592018	-0.021220
1.593018	-0.022220
1.594018	-0.023220
1.595019	-0.024220
1.596019	-0.025220
1.597019	-0.026219
1.598019	-0.027219
1.599019	-0.028219
1.600019	-0.029218
1.601019	-0.030218
1.602019	-0.031217
1.603019	-0.032217
1.604019	-0.033216
1.605019	-0.034216
1.606019	-0.035215
1.607019	-0.036215
1.608019	-0.037214
1.609019	-0.038214
1.610019	-0.039213
1.611019	-0.040212
1.612019	-0.041211
1.613019	-0.042210
1.614019	-0.043210
1.615019	-0.044209
1.616019	-0.045208
1.617020	-0.046207
1.618020	-0.047206
1.619020	-0.048205
1.620020	-0.049203
1.621020	-0.050202
1.622020	-0.051201
1.623020	-0.052200
1.624020	-0.053198
1.625020	-0.054197
1.626020	-0.055196
1.627020	-0.056194
1.628020	-0.057192
1.629020	-0.058191
1.630020	-0.059189
1.631020	-0.060187
1.632020	-0.061186
1.633020	-0.062184
1.634020	-0.063182
1.635020	-0.064180
1.636020	-0.065178
1.637020	-0.066176
1.638021	-0.067174
1.639021	-0.068171
1.640021	-0.069169
1.641021	-0.070167
1.642021	-0.071164
1.643021	-0.072162
1.644021	-0.073159
1.645021	-0.074156
1.646021	-0.075154
1.647021	-0.076151
1.648021	-0.077148
1.649021	-0.078145
1.650021	-0.079142
1.651021	-0.080139
1.652021	-0.081136
1.653021	-0.082132
1.654021	-0.083129
1.655021	-0.084125
1.656021	-0.085122
1.657021	-0.086118
1.658021	-0.087115
1.659021	-0.088111
1.660022	-0.089107
1.661022	-0.090103
1.662022	-0.091099
1.663022	-0.092095
1.664022	-0.093090
1.665022	-0.094086
1.666022	-0.095082
1.667022	-0.096077
1.668022	-0.097072
1.669022	-0.098068
1.670022	-0.099063
1.671022	-0.100058
1.672022	-0.101053
1.673022	-0.102048
1.674022	-0.103043
1.675022	-0.104037
1.676022	-0.105032
1.677022	-0.106026
1.678022	-0.107021
1.679022	-0.108015
1.680022	-0.109009
1.681023	-0.110003
1.682023	-0.110997
1.683023	-0.111991
1.684023	-0.112985
1.685023	-0.113978
1.686023	-0.114972
1.687023	-0.115965
1.688023	-0.116958
1.689023	-0.117951
1.690023	-0.118944
1.691023	-0.119937
1.692023	-0.120930
1.693023	-0.121923
1.694023	-0.122915
1.695023	-0.123908
1.696023	-0.124900
1.697023	-0.125892
1.698023	-0.126884
1.699023	-0.127876
1.700023	-0.128868
1.701023	-0.129859
1.702024	-0.130851
1.703024	-0.131842
1.704024	-0.132834
1.705024	-0.133825
1.706024	-0.134816
1.707024	-0.135806
1.708024	-0.136797
1.709024	-0.137788
1.710024	-0.138778
1.711024	-0.139768
1.712024	-0.140759
1.713024	-0.141749
1.714024	-0.142739
1.715024	-0.143728
1.716024	-0.144718
1.717024	-0.145707
1.718024	-0.146697
1.719024	-0.147686
1.720024	-0.148675
1.721024	-0.149664
1.722024	-0.150652
1.723024	-0.151641
1.724025	-0.152629
1.725025	-0.153618
1.726025	-0.154606
1.727025	-0.155594
1.728025	-0.156581
1.729025	-0.157569
1.730025	-0.158557
1.731025	-0.159544
1.732025	-0.160531
1.733025	-0.161518
1.734025	-0.162505
1.735025	-0.163491
1.736025	-0.164478
1.737025	-0.165464
1.738025	-0.166450
1.739025	-0.167437
1.740025	-0.168422
1.741025	-0.169408
1.742025	-0.170394
1.743025	-0.171379
1.744025	-0.172364
1.745026	-0.173349
1.746026	-0.174334
1.747026	-0.175318
1.748026	-0.176303
1.749026	-0.177287
1.750026	-0.178271
1.751026	-0.179255
1.752026	-0.180239
1.753026	-0.181223
1.754026	-0.182206
1.755026	-0.183189
1.756026	-0.184172
1.757026	-0.185155
1.758026	-0.186138
1.759026	-0.187120
1.760026	-0.188103
1.761026	-0.189085
1.762026	-0.190067
1.763026	-0.191048
1.764026	-0.192030
1.765026	-0.193011
1.766026	-0.193992
1.767027	-0.194973
1.768027	-0.195954
1.769027	-0.196935
1.770027	-0.197915
1.771027	-0.198895
1.772027	-0.199875
1.773027	-0.200855
1.774027	-0.201834
1.775027	-0.202814
1.776027	-0.203793
1.777027	-0.204772
1.778027	-0.205751
1.779027	-0.206729
1.780027	-0.207707
1.781027	-0.208686
1.782027	-0.209664
1.783027	-0.210641
1.784027	-0.211619
1.785027	-0.212596
1.786027	-0.213573
1.787027	-0.214550
1.788028	-0.215527
1.789028	-0.216503
1.790028	-0.217479
1.791028	-0.218455
1.792028	-0.219431
1.793028	-0.220407
1.794028	-0.221382
1.795028	-0.222357
1.796028	-0.223332
1.797028	-0.224307
1.798028	-0.225281
1.799028	-0.226255
1.800028	-0.227229
1.801028	-0.228203
1.802028	-0.229177
1.803028	-0.230150
1.804028	-0.231123
1.805028	-0.232096
1.806028	-0.233069
1.807028	-0.234041
1.808028	-0.235013
1.809029	-0.235985
1.810029	-0.236957
1.811029	-0.237928
1.812029	-0.238899
1.813029	-0.239870
1.814029	-0.240841
1.815029	-0.241812
1.816029	-0.242782
1.817029	-0.243752
1.818029	-0.244722
1.819029	-0.245691
1.820029	-0.246660
1.821029	-0.247629
1.822029	-0.248598
1.823029	-0.249567
1.824029	-0.250535
1.825029	-0.251503
1.826029	-0.252471
1.827029	-0.253438
1.828029	-0.254406
1.829029	-0.255373
1.830029	-0.256339
1.831030	-0.257306
1.832030	-0.258272
1.833030	-0.259238
1.834030	-0.260204
1.835030	-0.261169
1.836030	-0.262134
1.837030	-0.263099
1.838030	-0.264064
1.839030	-0.265029
1.840030	-0.265993
1.841030	-0.266957
1.842030	-0.267920
1.843030	-0.268884
1.844030	-0.269847
1.845030	-0.270809
1.846030	-0.271772
1.847030	-0.272734
1.848030	-0.273696
1.849030	-0.274658
1.850030	-0.275619
1.851030	-0.276581
1.852031	-0.277541
1.853031	-0.278502
1.854031	-0.279462
1.855031	-0.280423
1.856031	-0.281382
1.857031	-0.282342
1.858031	-0.283301
1.859031	-0.284260
1.860031	-0.285219
1.861031	-0.286177
1.862031	-0.287135
1.863031	-0.288093
1.864031	-0.289050
1.865031	-0.290008
1.866031	-0.290964
1.867031	-0.291921
1.868031	-0.292877
1.869031	-0.293833
1.870031	-0.294789
1.871031	-0.295745
1.872031	-0.296700
1.873031	-0.297655
1.874032	-0.298609
1.875032	-0.299564
1.876032	-0.300518
1.877032	-0.301471
1.878032	-0.302425
1.879032	-0.303378
1.880032	-0.304330
1.881032	-0.305283
1.882032	-0.306235
1.883032	-0.307187
1.884032	-0.308138
1.885032	-0.309090
1.886032	-0.310041
1.887032	-0.310991
1.888032	-0.311941
1.889032	-0.312891
1.890032	-0.313841
1.891032	-0.314791
1.892032	-0.315740
1.893032	-0.316688
1.894032	-0.317637
1.895033	-0.318585
1.896033	-0.319533
1.897033	-0.320480
1.898033	-0.321427
1.899033	-0.322374
1.900033	-0.323321
1.901033	-0.324267
1.902033	-0.325213
1.903033	-0.326158
1.904033	-0.327103
1.905033	-0.328048
1.906033	-0.328993
1.907033	-0.329937
1.908033	-0.330881
1.909033	-0.331824
1.910033	-0.332768
1.911033	-0.333710
1.912033	-0.334653
1.913033	-0.335595
1.914033	-0.336537
1.915033	-0.337479
1.916034	-0.338420
1.917034	-0.339361
1.918034	-0.340301
1.919034	-0.341241
1.920034	-0.342181
1.921034	-0.343121
1.922034	-0.344060
1.923034	-0.344999
1.924034	-0.345937
1.925034	-0.346875
1.926034	-0.347813
1.927034	-0.348751
1.928034	-0.349688
1.929034	-0.350624
1.930034	-0.351561
1.931034	-0.352497
1.932034	-0.353432
1.933034	-0.354368
1.934034	-0.355303
1.935034	-0.356237
1.936034	-0.357172
1.937034	-0.358105
1.938035	-0.359039
1.939035	-0.359972
1.940035	-0.360905
1.941035	-0.361838
1.942035	-0.362770
1.943035	-0.363701
1.944035	-0.364633
1.945035	-0.365564
1.946035	-0.366494
1.947035	-0.367425
1.948035	-0.368355
1.949035	-0.369284
1.950035	-0.370213
1.951035	-0.371142
1.952035	-0.372071
1.953035	-0.372999
1.954035	-0.373926
1.955035	-0.374854
1.956035	-0.375781
1.957035	-0.376707
1.958035	-0.377633
1.959036	-0.378559
1.960036	-0.379485
1.961036	-0.380410
1.962036	-0.381334
1.963036	-0.382259
1.964036	-0.383182
1.965036	-0.384106
1.966036	-0.385029
1.967036	-0.385952
1.968036	-0.386874
1.969036	-0.387796
1.970036	-0.388718
1.971036	-0.389639
1.972036	-0.390560
1.973036	-0.391480
1.974036	-0.392400
1.975036	-0.393320
1.976036	-0.394239
1.977036	-0.395158
1.978036	-0.396076
1.979036	-0.396995
1.980036	-0.397912
1.981037	-0.398829
1.982037	-0.399746
1.983037	-0.400663
1.984037	-0.401579
1.985037	-0.402494
1.986037	-0.403410
1.987037	-0.404325
1.988037	-0.405239
1.989037	-0.406153
1.990037	-0.407067
1.991037	-0.407980
1.992037	-0.408893
1.993037	-0.409805
1.994037	-0.410717
1.995037	-0.411629
1.996037	-0.412540
1.997037	-0.413451
1.998037	-0.414361
1.999037	-0.415271
2.000037	-0.416181
2.001037	-0.417090
2.002037	-0.417998
2.003037	-0.418906
2.004037	-0.419814
2.005037	-0.420722
2.006037	-0.421628
2.007037	-0.422535
2.008037	-0.423441
2.009037	-0.424347
2.010037	-0.425252
2.011037	-0.426157
2.012037	-0.427061
2.013036	-0.427965
2.014036	-0.428868
2.015036	-0.429772
2.016036	-0.430674
2.017036	-0.431577
2.018036	-0.432478
2.019036	-0.433380
2.020036	-0.434281
2.021036	-0.435181
2.022036	-0.436081
2.023036	-0.436981
2.024036	-0.437880
2.025036	-0.438779
2.026036	-0.439677
2.027035	-0.440575
2.028035	-0.441472
2.029035	-0.442369
2.030035	-0.443266
2.031035	-0.444162
2.032035	-0.445058
2.033035	-0.445953
2.034035	-0.446848
2.035035	-0.447742
2.036035	-0.448636
2.037035	-0.449529
2.038035	-0.450422
2.039035	-0.451315
2.040035	-0.452207
2.041034	-0.453098
2.042034	-0.453989
2.043034	-0.454880
2.044034	-0.455770
2.045034	-0.456660
2.046034	-0.457550
2.047034	-0.458438
2.048034	-0.459327
2.049034	-0.460215
2.050034	-0.461102
2.051034	-0.461990
2.052034	-0.462876
2.053034	-0.463762
2.054034	-0.464648
2.055033	-0.465533
2.056033	-0.466418
2.057033	-0.467302
2.058033	-0.468186
2.059033	-0.469069
2.060033	-0.469952
2.061033	-0.470834
2.062033	-0.471716
2.063033	-0.472598
2.064033	-0.473479
2.065033	-0.474359
2.066033	-0.475239
2.067033	-0.476119
2.068033	-0.476998
2.069032	-0.477877
2.070032	-0.478755
2.071032	-0.479632
2.072032	-0.480509
2.073032	-0.481386
2.074032	-0.482262
2.075032	-0.483138
2.076032	-0.484013
2.077032	-0.484888
2.078032	-0.485762
2.079032	-0.486636
2.080032	-0.487509
2.081032	-0.488382
2.082031	-0.489255
2.083031	-0.490126
2.084031	-0.490998
2.085031	-0.491869
2.086031	-0.492739
2.087031	-0.493609
2.088031	-0.494478
2.089031	-0.495347
2.090031	-0.496215
2.091031	-0.497083
2.092031	-0.497951
2.093031	-0.498817
2.094031	-0.499684
2.095031	-0.500550
2.096030	-0.501415
2.097030	-0.502280
2.098030	-0.503145
2.099030	-0.504008
2.100030	-0.504872
2.101030	-0.505735
2.102030	-0.506597
2.103030	-0.507459
2.104030	-0.508320
2.105030	-0.509181
2.106030	-0.510041
2.107030	-0.510901
2.108030	-0.511761
2.109030	-0.512619
2.110029	-0.513478
2.111029	-0.514336
2.112029	-0.515193
2.113029	-0.516050
2.114029	-0.516906
2.115029	-0.517761
2.116029	-0.518617
2.117029	-0.519471
2.118029	-0.520326
2.119029	-0.521179
2.120029	-0.522032
2.121029	-0.522885
2.122029	-0.523737
2.123029	-0.524589
2.124028	-0.525440
2.125028	-0.526290
2.126028	-0.527140
2.127028	-0.527990
2.128028	-0.528838
2.129028	-0.529687
2.130028	-0.530535
2.131028	-0.531382
2.132028	-0.532229
2.133028	-0.533075
2.134028	-0.533921
2.135028	-0.534766
2.136028	-0.535611
2.137028	-0.536455
2.138027	-0.537298
2.139027	-0.538141
2.140027	-0.538984
2.141027	-0.539826
2.142027	-0.540667
2.143027	-0.541508
2.144027	-0.542349
2.145027	-0.543188
2.146027	-0.544028
2.147027	-0.544866
2.148027	-0.545705
2.149027	-0.546542
2.150027	-0.547379
2.151026	-0.548216
2.152026	-0.549052
2.153026	-0.549887
2.154026	-0.550722
2.155026	-0.551557
2.156026	-0.552390
2.157026	-0.553224
2.158026	-0.554056
2.159026	-0.554888
2.160026	-0.555720
2.161026	-0.556551
2.162026	-0.557382
2.163026	-0.558212
2.164026	-0.559041
2.165025	-0.559870
2.166025	-0.560698
2.167025	-0.561525
2.168025	-0.562353
2.169025	-0.563179
2.170025	-0.564005
2.171025	-0.564831
2.172025	-0.565656
2.173025	-0.566480
2.174025	-0.567303
2.175025	-0.568127
2.176025	-0.568949
2.177025	-0.569771
2.178025	-0.570593
2.179024	-0.571414
2.180024	-0.572234
2.181024	-0.573054
2.182024	-0.573873
2.183024	-0.574691
2.184024	-0.575509
2.185024	-0.576327
2.186024	-0.577144
2.187024	-0.577960
2.188024	-0.578776
2.189024	-0.579591
2.190024	-0.580406
2.191024	-0.581219
2.192024	-0.582033
2.193023	-0.582846
2.194023	-0.583658
2.195023	-0.584469
2.196023	-0.585281
2.197023	-0.586091
2.198023	-0.586901
2.199023	-0.587710
2.200023	-0.588519
2.201023	-0.589327
2.202023	-0.590135
2.203023	-0.590942
2.204023	-0.591748
2.205023	-0.592554
2.206023	-0.593359
2.207022	-0.594163
2.208022	-0.594967
2.209022	-0.595771
2.210022	-0.596574
2.211022	-0.597376
2.212022	-0.598177
2.213022	-0.598978
2.214022	-0.599779
2.215022	-0.600579
2.216022	-0.601378
2.217022	-0.602176
2.218022	-0.602974
2.219022	-0.603772
2.220021	-0.604569
2.221021	-0.605365
2.222021	-0.606160
2.223021	-0.606955
2.224021	-0.607750
2.225021	-0.608543
2.226021	-0.609337
2.227021	-0.610129
2.228021	-0.610921
2.229021	-0.611712
2.230021	-0.612503
2.231021	-0.613293
2.232021	-0.614083
2.233021	-0.614872
2.234020	-0.615660
2.235020	-0.616447
2.236020	-0.617235
2.237020	-0.618021
2.238020	-0.618807
2.239020	-0.619592
2.240020	-0.620376
2.241020	-0.621160
2.242020	-0.621944
2.243020	-0.622726
2.244020	-0.623508
2.245020	-0.624290
2.246020	-0.625071
2.247020	-0.625851
2.248019	-0.626630
2.249019	-0.627409
2.250019	-0.628188
2.251019	-0.628965
2.252019	-0.629742
2.253019	-0.630519
2.254019	-0.631295
2.255019	-0.632070
2.256019	-0.632844
2.257019	-0.633618
2.258019	-0.634391
2.259019	-0.635164
2.260019	-0.635936
2.261019	-0.636708
2.262018	-0.637478
2.263018	-0.638248
2.264018	-0.639018
2.265018	-0.639787
2.266018	-0.640555
2.267018	-0.641322
2.268018	-0.642089
2.269018	-0.642855
2.270018	-0.643621
2.271018	-0.644386
2.272018	-0.645150
2.273018	-0.645914
2.274018	-0.646677
2.275017	-0.647439
2.276017	-0.648201
2.277017	-0.648962
2.278017	-0.649723
2.279017	-0.650482
2.280017	-0.651241
2.281017	-0.652000
2.282017	-0.652758
2.283017	-0.653515
2.284017	-0.654272
2.285017	-0.655027
2.286017	-0.655783
2.287017	-0.656537
2.288017	-0.657291
2.289016	-0.658044
2.290016	-0.658797
2.291016	-0.659549
2.292016	-0.660300
2.293016	-0.661051
2.294016	-0.661801
2.295016	-0.662550
2.296016	-0.663299
2.297016	-0.664046
2.298016	-0.664794
2.299016	-0.665540
2.300016	-0.666286
2.301016	-0.667032
2.302016	-0.667776
2.303015	-0.668520
2.304015	-0.669264
2.305015	-0.670006
2.306015	-0.670748
2.307015	-0.671489
2.308015	-0.672230
2.309015	-0.672970
2.310015	-0.673709
2.311015	-0.674448
2.312015	-0.675186
2.313015	-0.675923
2.314015	-0.676660
2.315015	-0.677396
2.316015	-0.678131
2.317014	-0.678865
2.318014	-0.679599
2.319014	-0.680332
2.320014	-0.681065
2.321014	-0.681797
2.322014	-0.682528
2.323014	-0.683258
2.324014	-0.683988
2.325014	-0.684717
2.326014	-0.685446
2.327014	-0.686173
2.328014	-0.686900
2.329014	-0.687627
2.330014	-0.688352
2.331013	-0.689077
2.332013	-0.689802
2.333013	-0.690525
2.334013	-0.691248
2.335013	-0.691970
2.336013	-0.692692
2.337013	-0.693413
2.338013	-0.694133
2.339013	-0.694852
2.340013	-0.695571
2.341013	-0.696289
2.342013	-0.697006
2.343013	-0.697723
2.344012	-0.698439
2.345012	-0.699154
2.346012	-0.699869
2.347012	-0.700583
2.348012	-0.701296
2.349012	-0.702008
2.350012	-0.702720
2.351012	-0.703431
2.352012	-0.704141
2.353012	-0.704851
2.354012	-0.705560
2.355012	-0.706268
2.356012	-0.706976
2.357012	-0.707682
2.358011	-0.708389
2.359011	-0.709094
2.360011	-0.709799
2.361011	-0.710503
2.362011	-0.711206
2.363011	-0.711909
2.364011	-0.712610
2.365011	-0.713312
2.366011	-0.714012
2.367011	-0.714712
2.368011	-0.715411
2.369011	-0.716109
2.370011	-0.716807
2.371011	-0.717503
2.372010	-0.718200
2.373010	-0.718895
2.374010	-0.719590
2.375010	-0.720284
2.376010	-0.720977
2.377010	-0.721669
2.378010	-0.722361
2.379010	-0.723052
2.380010	-0.723743
2.381010	-0.724432
2.382010	-0.725121
2.383010	-0.725809
2.384010	-0.726497
2.385010	-0.727184
2.386009	-0.727870
2.387009	-0.728555
2.388009	-0.729239
2.389009	-0.729923
2.390009	-0.730606
2.391009	-0.731289
2.392009	-0.731973
2.393009	-0.732654
2.394009	-0.733334
2.395009	-0.734013
2.396009	-0.734692
2.397009	-0.735370
2.398009	-0.736047
2.399009	-0.736724
2.400008	-0.737399
2.401008	-0.738074
2.402008	-0.738749
2.403008	-0.739422
2.404008	-0.740095
2.405008	-0.740767
2.406008	-0.741439
2.407008	-0.742109
2.408008	-0.742779
2.409008	-0.743448
2.410008	-0.744117
2.411008	-0.744784
2.412008	-0.745451
2.413007	-0.746117
2.414007	-0.746783
2.415007	-0.747447
2.416007	-0.748111
2.417007	-0.748774
2.418007	-0.749437
2.419007	-0.750099
2.420007	-0.750759
2.421007	-0.751420
2.422007	-0.752079
2.423007	-0.752737
2.424007	-0.753395
2.425007	-0.754053
2.426007	-0.754709
2.427006	-0.755364
2.428006	-0.756019
2.429006	-0.756673
2.430006	-0.757327
2.431006	-0.757979
2.432006	-0.758631
2.433006	-0.759282
2.434006	-0.759933
2.435006	-0.760582
2.436006	-0.761231
2.437006	-0.761879
2.438006	-0.762526
2.439006	-0.763173
2.440006	-0.763819
2.441005	-0.764464
2.442005	-0.765108
2.443005	-0.765752
2.444005	-0.766394
2.445005	-0.767036
2.446005	-0.767677
2.447005	-0.768318
2.448005	-0.768957
2.449005	-0.769596
2.450005	-0.770234
2.451005	-0.770872
2.452005	-0.771508
2.453005	-0.772144
2.454005	-0.772779
2.455004	-0.773413
2.456004	-0.774047
2.457004	-0.774679
2.458004	-0.775312
2.459004	-0.775943
2.460004	-0.776573
2.461004	-0.777203
2.462004	-0.777831
2.463004	-0.778459
2.464004	-0.779087
2.465004	-0.779713
2.466004	-0.780339
2.467004	-0.780964
2.468004	-0.781588
2.469003	-0.782211
2.470003	-0.782834
2.471003	-0.783456
2.472003	-0.784077
2.473003	-0.784697
2.474003	-0.785316
2.475003	-0.785935
2.476003	-0.786553
2.477003	-0.787170
2.478003	-0.787786
2.479003	-0.788402
2.480003	-0.789016
2.481003	-0.789630
2.482002	-0.790244
2.483002	-0.790856
2.484002	-0.791467
2.485002	-0.792078
2.486002	-0.792688
2.487002	-0.793297
2.488002	-0.793906
2.489002	-0.794513
2.490002	-0.795120
2.491002	-0.795726
2.492002	-0.796332
2.493002	-0.796936
2.494002	-0.797539
2.495002	-0.798142
2.496001	-0.798744
2.497001	-0.799345
2.498001	-0.799946
2.499001	-0.800546
2.500001	-0.801145
2.501001	-0.801742
2.502001	-0.802340
2.503001	-0.802936
2.504001	-0.803532
2.505001	-0.804127
2.506001	-0.804720
2.507001	-0.805314
2.508001	-0.805906
2.509001	-0.806498
2.510000	-0.807089
2.511000	-0.807678
2.512000	-0.808268
2.513000	-0.808856
2.514000	-0.809444
2.515000	-0.810030
2.516000	-0.810616
2.517000	-0.811201
2.518000	-0.811786
2.519000	-0.812369
2.520000	-0.812952
2.521000	-0.813534
2.522000	-0.814115
2.523000	-0.814695
2.523999	-0.815275
2.524999	-0.815853
2.525999	-0.816431
2.526999	-0.817008
2.527999	-0.817584
2.528999	-0.818160
2.529999	-0.818734
2.530999	-0.819308
2.531999	-0.819881
2.532999	-0.820453
2.533999	-0.821024
2.534999	-0.821594
2.535999	-0.822164
2.536999	-0.822733
2.537998	-0.823301
2.538998	-0.823868
2.539998	-0.824435
2.540998	-0.825000
2.541998	-0.825565
2.542998	-0.826128
2.543998	-0.826692
2.544998	-0.827254
2.545998	-0.827815
2.546998	-0.828376
2.547998	-0.828935
2.548998	-0.829494
2.549998	-0.830052
2.550997	-0.830610
2.551997	-0.831166
2.552997	-0.831722
2.553997	-0.832276
2.554997	-0.832830
2.555997	-0.833383
2.556997	-0.833935
2.557997	-0.834487
2.558997	-0.835037
2.559997	-0.835587
2.560997	-0.836136
2.561997	-0.836684
2.562997	-0.837231
2.563997	-0.837778
2.564996	-0.838323
2.565996	-0.838868
2.566996	-0.839412
2.567996	-0.839955
2.568996	-0.840497
2.569996	-0.841038
2.570996	-0.841579
2.571996	-0.842119
2.572996	-0.842658
2.573996	-0.843195
2.574996	-0.843733
2.575996	-0.844269
2.576996	-0.844804
2.577996	-0.845339
2.578995	-0.845873
2.579995	-0.846406
2.580995	-0.846938
2.581995	-0.847469
2.582995	-0.847999
2.583995	-0.848529
2.584995	-0.849058
2.585995	-0.849585
2.586995	-0.850112
2.587995	-0.850639
2.588995	-0.851164
2.589995	-0.851688
2.590995	-0.852212
2.591995	-0.852735
2.592994	-0.853257
2.593994	-0.853778
2.594994	-0.854298
2.595994	-0.854817
2.596994	-0.855336
2.597994	-0.855853
2.598994	-0.856370
2.599994	-0.856886
2.600994	-0.857401
2.601994	-0.857915
2.602994	-0.858428
2.603994	-0.858941
2.604994	-0.859452
2.605994	-0.859963
2.606993	-0.860473
2.607993	-0.860982
2.608993	-0.861490
2.609993	-0.861998
2.610993	-0.862504
2.611993	-0.863010
2.612993	-0.863514
2.613993	-0.864018
2.614993	-0.864521
2.615993	-0.865023
2.616993	-0.865525
2.617993	-0.866025
2.618993	-0.866525
2.619992	-0.867023
2.620992	-0.867521
2.621992	-0.868018
2.622992	-0.868514
2.623992	-0.869009
2.624992	-0.869503
2.625992	-0.869997
2.626992	-0.870490
2.627992	-0.870981
2.628992	-0.871472
2.629992	-0.871962
2.630992	-0.872451
2.631992	-0.872940
2.632992	-0.873427
2.633991	-0.873913
2.634991	-0.874399
2.635991	-0.874884
2.636991	-0.875367
2.637991	-0.875850
2.638991	-0.876333
2.639991	-0.876814
2.640991	-0.877294
2.641991	-0.877774
2.642991	-0.878252
2.643991	-0.878730
2.644991	-0.879207
2.645991	-0.879683
2.646991	-0.880158
2.647990	-0.880632
2.648990	-0.881105
2.649990	-0.881578
2.650990	-0.882049
2.651990	-0.882520
2.652990	-0.882990
2.653990	-0.883459
2.654990	-0.883927
2.655990	-0.884394
2.656990	-0.884860
2.657990	-0.885326
2.658990	-0.885790
2.659990	-0.886254
2.660990	-0.886717
2.661989	-0.887178
2.662989	-0.887639
2.663989	-0.888099
2.664989	-0.888559
2.665989	-0.889017
2.666989	-0.889474
2.667989	-0.889931
2.668989	-0.890386
2.669989	-0.890841
2.670989	-0.891295
2.671989	-0.891748
2.672989	-0.892200
2.673989	-0.892651
2.674989	-0.893101
2.675988	-0.893551
2.676988	-0.893999
2.677988	-0.894447
2.678988	-0.894894
2.679988	-0.895339
2.680988	-0.895784
2.681988	-0.896228
2.682988	-0.896671
2.683988	-0.897114
2.684988	-0.897555
2.685988	-0.897995
2.686988	-0.898435
2.687988	-0.898874
2.688987	-0.899311
2.689987	-0.899748
2.690987	-0.900184
2.691987	-0.900619
2.692987	-0.901053
2.693987	-0.901486
2.694987	-0.901919
2.695987	-0.902350
2.696987	-0.902781
2.697987	-0.903210
2.698987	-0.903639
2.699987	-0.904067
2.700987	-0.904494
2.701987	-0.904920
2.702986	-0.905345
2.703986	-0.905769
2.704986	-0.906192
2.705986	-0.906615
2.706986	-0.907036
2.707986	-0.907457
2.708986	-0.907876
2.709986	-0.908295
2.710986	-0.908713
2.711986	-0.909130
2.712986	-0.909546
2.713986	-0.909961
2.714986	-0.910375
2.715986	-0.910789
2.716985	-0.911201
2.717985	-0.911612
2.718985	-0.912023
2.719985	-0.912433
2.720985	-0.912842
2.721985	-0.913249
2.722985	-0.913656
2.723985	-0.914062
2.724985	-0.914467
2.725985	-0.914872
2.726985	-0.915275
2.727985	-0.915677
2.728985	-0.916079
2.729985	-0.916479
2.730984	-0.916879
2.731984	-0.917277
2.732984	-0.917675
2.733984	-0.918072
2.734984	-0.918468
2.735984	-0.918863
2.736984	-0.919257
2.737984	-0.919650
2.738984	-0.920043
2.739984	-0.920434
2.740984	-0.920824
2.741984	-0.921214
2.742984	-0.921602
2.743984	-0.921990
2.744983	-0.922377
2.745983	-0.922762
2.746983	-0.923147
2.747983	-0.923531
2.748983	-0.923914
2.749983	-0.924296
2.750983	-0.924678
2.751983	-0.925058
2.752983	-0.925437
2.753983	-0.925816
2.754983	-0.926193
2.755983	-0.926570
2.756983	-0.926945
2.757982	-0.927320
2.758982	-0.927694
2.759982	-0.928067
2.760982	-0.928438
2.761982	-0.928810
2.762982	-0.929180
2.763982	-0.929549
2.764982	-0.929917
2.765982	-0.930284
2.766982	-0.930651
2.767982	-0.931016
2.768982	-0.931381
2.769982	-0.931744
2.770982	-0.932107
2.771981	-0.932468
2.772981	-0.932829
2.773981	-0.933189
2.774981	-0.933548
2.775981	-0.933906
2.776981	-0.934263
2.777981	-0.934619
2.778981	-0.934974
2.779981	-0.935328
2.780981	-0.935682
2.781981	-0.936034
2.782981	-0.936385
2.783981	-0.936736
2.784981	-0.937085
2.785980	-0.937434
2.786980	-0.937782
2.787980	-0.938128
2.788980	-0.938474
2.789980	-0.938819
2.790980	-0.939163
2.791980	-0.939506
2.792980	-0.939848
2.793980	-0.940189
2.794980	-0.940530
2.795980	-0.940869
2.796980	-0.941207
2.797980	-0.941544
2.798980	-0.941881
2.799979	-0.942216
2.800979	-0.942551
2.801979	-0.942884
2.802979	-0.943217
2.803979	-0.943548
2.804979	-0.943879
2.805979	-0.944209
2.806979	-0.944538
2.807979	-0.944866
2.808979	-0.945193
2.809979	-0.945519
2.810979	-0.945844
2.811979	-0.946168
2.812979	-0.946491
2.813978	-0.946814
2.814978	-0.947135
2.815978	-0.947455
2.816978	-0.947774
2.817978	-0.948093
2.818978	-0.948410
2.819978	-0.948727
2.820978	-0.949043
2.821978	-0.949357
2.822978	-0.949671
2.823978	-0.949984
2.824978	-0.950296
2.825978	-0.950606
2.826977	-0.950916
2.827977	-0.951225
2.828977	-0.951533
2.829977	-0.951840
2.830977	-0.952146
2.831977	-0.952452
2.832977	-0.952756
2.833977	-0.953059
2.834977	-0.953361
2.835977	-0.953663
2.836977	-0.953963
2.837977	-0.954262
2.838977	-0.954561
2.839977	-0.954858
2.840976	-0.955155
2.841976	-0.955451
2.842976	-0.955745
2.843976	-0.956039
2.844976	-0.956332
2.845976	-0.956624
2.846976	-0.956914
2.847976	-0.957204
2.848976	-0.957493
2.849976	-0.957781
2.850976	-0.958068
2.851976	-0.958354
2.852976	-0.958639
2.853976	-0.958923
2.854975	-0.959207
2.855975	-0.959489
2.856975	-0.959770
2.857975	-0.960050
2.858975	-0.960330
2.859975	-0.960608
2.860975	-0.960885
2.861975	-0.961162
2.862975	-0.961437
2.863975	-0.961712
2.864975	-0.961986
2.865975	-0.962258
2.866975	-0.962530
2.867975	-0.962801
2.868974	-0.963070
2.869974	-0.963339
2.870974	-0.963607
2.871974	-0.963874
2.872974	-0.964140
2.873974	-0.964404
2.874974	-0.964668
2.875974	-0.964931
2.876974	-0.965193
2.877974	-0.965454
2.878974	-0.965714
2.879974	-0.965974
2.880974	-0.966232
2.881974	-0.966489
2.882973	-0.966745
2.883973	-0.967000
2.884973	-0.967254
2.885973	-0.967508
2.886973	-0.967760
2.887973	-0.968012
2.888973	-0.968262
2.889973	-0.968512
2.890973	-0.968760
2.891973	-0.969007
2.892973	-0.969254
2.893973	-0.969500
2.894973	-0.969744
2.895972	-0.969988
2.896972	-0.970231
2.897972	-0.970472
2.898972	-0.970713
2.899972	-0.970953
2.900972	-0.971191
2.901972	-0.971429
2.902972	-0.971666
2.903972	-0.971902
2.904972	-0.972137
2.905972	-0.972371
2.906972	-0.972604
2.907972	-0.972836
2.908972	-0.973067
2.909971	-0.973297
2.910971	-0.973526
2.911971	-0.973754
2.912971	-0.973981
2.913971	-0.974207
2.914971	-0.974432
2.915971	-0.974656
2.916971	-0.974880
2.917971	-0.975102
2.918971	-0.975323
2.919971	-0.975543
2.920971	-0.975763
2.921971	-0.975981
2.922971	-0.976198
2.923970	-0.976415
2.924970	-0.976630
2.925970	-0.976845
2.926970	-0.977058
2.927970	-0.977271
2.928970	-0.977482
2.929970	-0.977693
2.930970	-0.977902
2.931970	-0.978111
2.932970	-0.978319
2.933970	-0.978525
2.934970	-0.978731
2.935970	-0.978936
2.936970	-0.979139
2.937969	-0.979342
2.938969	-0.979543
2.939969	-0.979744
2.940969	-0.979944
2.941969	-0.980143
2.942969	-0.980341
2.943969	-0.980537
2.944969	-0.980733
2.945969	-0.980928
2.946969	-0.981122
2.947969	-0.981315
2.948969	-0.981507
2.949969	-0.981698
2.950969	-0.981888
2.951968	-0.982077
2.952968	-0.982265
2.953968	-0.982451
2.954968	-0.982638
2.955968	-0.982823
2.956968	-0.983007
2.957968	-0.983190
2.958968	-0.983372
2.959968	-0.983553
2.960968	-0.983733
2.961968	-0.983912
2.962968	-0.984091
2.963968	-0.984268
2.964967	-0.984444
2.965967	-0.984619
2.966967	-0.984793
2.967967	-0.984967
2.968967	-0.985139
2.969967	-0.985310
2.970967	-0.985480
2.971967	-0.985650
2.972967	-0.985818
2.973967	-0.985986
2.974967	-0.986152
2.975967	-0.986317
2.976967	-0.986481
2.977967	-0.986645
2.978966	-0.986807
2.979966	-0.986969
2.980966	-0.987129
2.981966	-0.987289
2.982966	-0.987447
2.983966	-0.987604
2.984966	-0.987761
2.985966	-0.987917
2.986966	-0.988071
2.987966	-0.988224
2.988966	-0.988377
2.989966	-0.988529
2.990966	-0.988679
2.991966	-0.988829
2.992965	-0.988977
2.993965	-0.989125
2.994965	-0.989271
2.995965	-0.989417
2.996965	-0.989562
2.997965	-0.989705
2.998965	-0.989848
2.999965	-0.989990
3.000965	-0.990130
3.001965	-0.990270
3.002965	-0.990409
3.003965	-0.990546
3.004965	-0.990683
3.005965	-0.990819
3.006964	-0.990953
3.007964	-0.991087
3.008964	-0.991220
3.009964	-0.991352
3.010964	-0.991482
3.011964	-0.991612
3.012964	-0.991741
3.013964	-0.991869
3.014964	-0.991995
3.015964	-0.992121
3.016964	-0.992246
3.017964	-0.992370
3.018964	-0.992493
3.019964	-0.992614
3.020963	-0.992735
3.021963	-0.992855
3.022963	-0.992974
3.023963	-0.993092
3.024963	-0.993209
3.025963	-0.993325
3.026963	-0.993439
3.027963	-0.993553
3.028963	-0.993666
3.029963	-0.993778
3.030963	-0.993889
3.031963	-0.993999
3.032963	-0.994108
3.033962	-0.994216
3.034962	-0.994323
3.035962	-0.994429
3.036962	-0.994534
3.037962	-0.994638
3.038962	-0.994740
3.039962	-0.994842
3.040962	-0.994943
3.041962	-0.995044
3.042962	-0.995142
3.043962	-0.995240
3.044962	-0.995337
3.045962	-0.995434
3.046962	-0.995528
3.047961	-0.995622
3.048961	-0.995715
3.049961	-0.995807
3.050961	-0.995898
3.051961	-0.995989
3.052961	-0.996077
3.053961	-0.996166
3.054961	-0.996253
3.055961	-0.996338
3.056961	-0.996424
3.057961	-0.996508
3.058961	-0.996591
3.059961	-0.996673
3.060961	-0.996754
3.061960	-0.996834
3.062960	-0.996913
3.063960	-0.996991
3.064960	-0.997068
3.065960	-0.997144
3.066960	-0.997219
3.067960	-0.997293
3.068960	-0.997366
3.069960	-0.997438
3.070960	-0.997509
3.071960	-0.997580
3.072960	-0.997649
3.073960	-0.997717
3.074960	-0.997784
3.075959	-0.997850
3.076959	-0.997915
3.077959	-0.997979
3.078959	-0.998042
3.079959	-0.998104
3.080959	-0.998165
3.081959	-0.998225
3.082959	-0.998285
3.083959	-0.998343
3.084959	-0.998400
3.085959	-0.998456
3.086959	-0.998511
3.087959	-0.998565
3.088959	-0.998618
3.089958	-0.998670
3.090958	-0.998722
3.091958	-0.998772
3.092958	-0.998821
3.093958	-0.998869
3.094958	-0.998916
3.095958	-0.998962
3.096958	-0.999007
3.097958	-0.999051
3.098958	-0.999095
3.099958	-0.999137
3.100958	-0.999178
3.101958	-0.999218
3.102957	-0.999257
3.103957	-0.999295
3.104957	-0.999333
3.105957	-0.999369
3.106957	-0.999404
3.107957	-0.999438
3.108957	-0.999471
3.109957	-0.999503
3.110957	-0.999534
3.111957	-0.999565
3.112957	-0.999594
3.113957	-0.999622
3.114957	-0.999649
3.115957	-0.999675
3.116956	-0.999700
3.117956	-0.999724
3.118956	-0.999747
3.119956	-0.999770
3.120956	-0.999791
3.121956	-0.999811
3.122956	-0.999830
3.123956	-0.999848
3.124956	-0.999865
3.125956	-0.999882
3.126956	-0.999897
3.127956	-0.999911
3.128956	-0.999924
3.129956	-0.999936
3.130955	-0.999947
3.131955	-0.999953
3.132955	-0.999963
3.133955	-0.999971
3.134955	-0.999978
3.135955	-0.999984
3.136955	-0.999989
3.137955	-0.999993
3.138955	-0.999997
3.139955	-0.999998
3.140955	-1.000000
