0.585786	0.000000	-0.000000
0.574769	0.156852	-0.156852
0.563744	0.221743	-0.221743
0.552713	0.271480	-0.271480
0.541674	0.313365	-0.313365
0.530631	0.350222	-0.350222
0.519580	0.383506	-0.383506
0.508523	0.414077	-0.414077
0.497460	0.442499	-0.442499
0.486390	0.469161	-0.469161
0.475313	0.494349	-0.494349
0.464230	0.518275	-0.518275
0.453139	0.541110	-0.541110
0.442042	0.562982	-0.562982
0.430939	0.584001	-0.584001
0.419829	0.604256	-0.604256
0.408712	0.623820	-0.623820
0.397588	0.642757	-0.642757
0.386457	0.661120	-0.661120
0.375319	0.678955	-0.678955
0.364175	0.696302	-0.696302
0.353023	0.713197	-0.713197
0.341865	0.729671	-0.729671
0.330699	0.745751	-0.745751
0.319527	0.761463	-0.761463
0.308348	0.776827	-0.776827
0.297160	0.791865	-0.791865
0.285966	0.806594	-0.806594
0.274765	0.821030	-0.821030
0.263557	0.835188	-0.835188
0.252341	0.849082	-0.849082
0.241118	0.862725	-0.862725
0.229888	0.876128	-0.876128
0.218651	0.889301	-0.889301
0.207405	0.902254	-0.902254
0.196153	0.914997	-0.914997
0.184893	0.927538	-0.927538
0.173625	0.939884	-0.939884
0.162351	0.952043	-0.952043
0.151068	0.964021	-0.964021
0.139778	0.975826	-0.975826
0.128479	0.987463	-0.987463
0.117173	0.998937	-0.998937
0.105860	1.010255	-1.010255
0.094539	1.021420	-1.021420
0.083210	1.032438	-1.032438
0.071873	1.043313	-1.043313
0.060528	1.054050	-1.054050
0.049175	1.064651	-1.064651
0.037813	1.075121	-1.075121
0.026444	1.085464	-1.085464
0.015068	1.095682	-1.095682
0.003683	1.105780	-1.105780
-0.007711	1.115759	-1.115759
-0.019112	1.125624	-1.125624
-0.030522	1.135376	-1.135376
-0.041941	1.145018	-1.145018
-0.053367	1.154553	-1.154553
-0.064802	1.163983	-1.163983
-0.076246	1.173311	-1.173311
-0.087697	1.182539	-1.182539
-0.099157	1.191668	-1.191668
-0.110626	1.200700	-1.200700
-0.122105	1.209639	-1.209639
-0.133591	1.218484	-1.218484
-0.145086	1.227239	-1.227239
-0.156590	1.235905	-1.235905
-0.168103	1.244484	-1.244484
-0.179624	1.252976	-1.252976
-0.191155	1.261384	-1.261384
-0.202694	1.269709	-1.269709
-0.214243	1.277952	-1.277952
-0.225801	1.286114	-1.286114
-0.237367	1.294198	-1.294198
-0.248944	1.302204	-1.302204
-0.260529	1.310133	-1.310133
-0.272123	1.317986	-1.317986
-0.283727	1.325765	-1.325765
-0.295341	1.333471	-1.333471
-0.306964	1.341104	-1.341104
-0.318596	1.348665	-1.348665
-0.330238	1.356156	-1.356156
-0.341890	1.363578	-1.363578
-0.353551	1.370931	-1.370931
-0.365222	1.378215	-1.378215
-0.376904	1.385433	-1.385433
-0.388594	1.392584	-1.392584
-0.400295	1.399670	-1.399670
-0.412006	1.406691	-1.406691
-0.423726	1.413648	-1.413648
-0.435457	1.420541	-1.420541
-0.447198	1.427371	-1.427371
-0.458950	1.434139	-1.434139
-0.470712	1.440846	-1.440846
-0.482484	1.447491	-1.447491
-0.494267	1.454076	-1.454076
-0.506060	1.460601	-1.460601
-0.517863	1.467067	-1.467067
-0.529678	1.473474	-1.473474
-0.541503	1.479823	-1.479823
-0.553340	1.486113	-1.486113
-0.565186	1.492346	-1.492346
-0.577044	1.498522	-1.498522
-0.588913	1.504641	-1.504641
-0.600793	1.510704	-1.510704
-0.612684	1.516711	-1.516711
-0.624586	1.522663	-1.522663
-0.636500	1.528559	-1.528559
-0.648426	1.534401	-1.534401
-0.660362	1.540188	-1.540188
-0.672310	1.545921	-1.545921
-0.684270	1.551600	-1.551600
-0.696241	1.557226	-1.557226
-0.708225	1.562798	-1.562798
-0.720220	1.568317	-1.568317
-0.732228	1.573783	-1.573783
-0.744247	1.579197	-1.579197
-0.756278	1.584558	-1.584558
-0.768321	1.589868	-1.589868
-0.780378	1.595125	-1.595125
-0.792446	1.600331	-1.600331
-0.804527	1.605485	-1.605485
-0.816621	1.610587	-1.610587
-0.828727	1.615638	-1.615638
-0.840846	1.620638	-1.620638
-0.852979	1.625588	-1.625588
-0.865123	1.630486	-1.630486
-0.877281	1.635334	-1.635334
-0.889452	1.640131	-1.640131
-0.901637	1.644877	-1.644877
-0.913836	1.649573	-1.649573
-0.926047	1.654218	-1.654218
-0.938272	1.658814	-1.658814
-0.950511	1.663359	-1.663359
-0.962763	1.667854	-1.667854
-0.975030	1.672298	-1.672298
-0.987310	1.676693	-1.676693
-0.999606	1.681036	-1.681036
-1.011915	1.685331	-1.685331
-1.024238	1.689575	-1.689575
-1.036577	1.693769	-1.693769
-1.048929	1.697912	-1.697912
-1.061296	1.702007	-1.702007
-1.073680	1.706048	-1.706048
-1.086075	1.710043	-1.710043
-1.098491	1.713983	-1.713983
-1.110917	1.717877	-1.717877
-1.123362	1.721717	-1.721717
-1.135819	1.725510	-1.725510
-1.148295	1.729249	-1.729249
-1.160784	1.732940	-1.732940
-1.173292	1.736577	-1.736577
-1.185813	1.740166	-1.740166
-1.198355	1.743701	-1.743701
-1.210907	1.747188	-1.747188
-1.223481	1.750620	-1.750620
-1.236068	1.754004	-1.754004
-1.248675	1.757333	-1.757333
-1.261296	1.760613	-1.760613
-1.273937	1.763838	-1.763838
-1.286593	1.767013	-1.767013
-1.299271	1.770132	-1.770132
-1.311961	1.773203	-1.773203
-1.324673	1.776217	-1.776217
-1.337399	1.779180	-1.779180
-1.350148	1.782087	-1.782087
-1.362912	1.784943	-1.784943
-1.375699	1.787741	-1.787741
-1.388499	1.790490	-1.790490
-1.401323	1.793179	-1.793179
-1.414162	1.795817	-1.795817
-1.427024	1.798396	-1.798396
-1.439903	1.800923	-1.800923
-1.452805	1.803391	-1.803391
-1.465723	1.805805	-1.805805
-1.478667	1.808158	-1.808158
-1.491625	1.810459	-1.810459
-1.504610	1.812698	-1.812698
-1.517610	1.814882	-1.814882
-1.530637	1.817005	-1.817005
-1.543680	1.819072	-1.819072
-1.556749	1.821076	-1.821076
-1.569838	1.823022	-1.823022
-1.582952	1.824906	-1.824906
-1.596084	1.826732	-1.826732
-1.609243	1.828492	-1.828492
-1.622421	1.830195	-1.830195
-1.635627	1.831830	-1.831830
-1.648852	1.833407	-1.833407
-1.662107	1.834914	-1.834914
-1.675381	1.836362	-1.836362
-1.688683	1.837741	-1.837741
-1.702007	1.839057	-1.839057
-1.715359	1.840303	-1.840303
-1.728733	1.841486	-1.841486
-1.742138	1.842596	-1.842596
-1.755565	1.843641	-1.843641
-1.769023	1.844612	-1.844612
-1.782503	1.845517	-1.845517
-1.796015	1.846347	-1.846347
-1.809551	1.847108	-1.847108
-1.823121	1.847790	-1.847790
-1.836711	1.848406	-1.848406
-1.850340	1.848938	-1.848938
-1.863990	1.849402	-1.849402
-1.877679	1.849779	-1.849779
-1.891388	1.850088	-1.850088
-1.905139	1.850308	-1.850308
-1.918911	1.850456	-1.850456
-1.932725	1.850513	-1.850513
-1.946562	1.850496	-1.850496
-1.960441	1.850385	-1.850385
-1.974346	1.850196	-1.850196
-1.988294	1.849911	-1.849911
-2.002267	1.849548	-1.849548
-2.016285	1.849084	-1.849084
-2.030330	1.848537	-1.848537
-2.044422	1.847888	-1.847888
-2.058542	1.847151	-1.847151
-2.072709	1.846309	-1.846309
-2.086906	1.845377	-1.845377
-2.101152	1.844335	-1.844335
-2.115430	1.843199	-1.843199
-2.129758	1.841949	-1.841949
-2.144118	1.840602	-1.840602
-2.158532	1.839134	-1.839134
-2.172981	1.837564	-1.837564
-2.187484	1.835870	-1.835870
-2.202024	1.834069	-1.834069
-2.216620	1.832138	-1.832138
-2.231256	1.830095	-1.830095
-2.245950	1.827916	-1.827916
-2.260686	1.825618	-1.825618
-2.275482	1.823178	-1.823178
-2.290324	1.820612	-1.820612
-2.305228	1.817898	-1.817898
-2.320180	1.815051	-1.815051
-2.335198	1.812046	-1.812046
-2.350267	1.808900	-1.808900
-2.365405	1.805589	-1.805589
-2.380598	1.802127	-1.802127
-2.395863	1.798489	-1.798489
-2.411187	1.794691	-1.794691
-2.426588	1.790706	-1.790706
-2.442051	1.786549	-1.786549
-2.457595	1.782193	-1.782193
-2.473207	1.777653	-1.777653
-2.488905	1.772899	-1.772899
-2.504677	1.767945	-1.767945
-2.520540	1.762761	-1.762761
-2.536483	1.757362	-1.757362
-2.552523	1.751715	-1.751715
-2.568651	1.745831	-1.745831
-2.584884	1.739679	-1.739679
-2.601213	1.733268	-1.733268
-2.617655	1.726564	-1.726564
-2.634203	1.719573	-1.719573
-2.650876	1.712259	-1.712259
-2.667663	1.704630	-1.704630
-2.684587	1.696643	-1.696643
-2.701640	1.688301	-1.688301
-2.718844	1.679561	-1.679561
-2.736192	1.670420	-1.670420
-2.753709	1.660829	-1.660829
-2.771390	1.650781	-1.650781
-2.789260	1.640221	-1.640221
-2.807317	1.629135	-1.629135
-2.825589	1.617459	-1.617459
-2.844079	1.605167	-1.605167
-2.862816	1.592183	-1.592183
-2.881809	1.578467	-1.578467
-2.901090	1.563928	-1.563928
-2.920675	1.548504	-1.548504
-2.940606	1.532076	-1.532076
-2.960905	1.514557	-1.514557
-2.981624	1.495784	-1.495784
-3.002800	1.475622	-1.475622
-3.024502	1.453849	-1.453849
-3.046786	1.430243	-1.430243
-3.069746	1.404484	-1.404484
-3.093474	1.376209	-1.376209
-3.118107	1.344901	-1.344901
-3.143795	1.309929	-1.309929
