0.000000	100.150116	10.000075
0.010000	100.300453	10.000300
0.020000	100.451012	10.000676
0.030000	100.601791	10.001203
0.040000	100.752792	10.001880
0.050000	100.904015	10.002708
0.060000	101.055450	10.003689
0.070000	101.207108	10.004821
0.080000	101.358978	10.006104
0.090000	101.511063	10.007541
0.100000	101.663361	10.009130
0.110000	101.815865	10.010871
0.120000	101.968582	10.012765
0.130000	102.121506	10.014812
0.140000	102.274643	10.017014
0.150000	102.427986	10.019369
0.160000	102.581535	10.021879
0.170000	102.735283	10.024544
0.180000	102.889236	10.027364
0.190000	103.043388	10.030338
0.200000	103.197739	10.033469
0.210000	103.352287	10.036756
0.220000	103.507034	10.040198
0.230000	103.661980	10.043797
0.240000	103.817116	10.047554
0.250000	103.972443	10.051468
0.260000	104.127960	10.055540
0.270000	104.283669	10.059771
0.280000	104.439568	10.064159
0.290000	104.595650	10.068707
0.300000	104.751915	10.073415
0.310000	104.908363	10.078281
0.320000	105.064995	10.083308
0.330000	105.221809	10.088496
0.340000	105.378799	10.093844
0.350000	105.535965	10.099355
0.360000	105.693306	10.105027
0.370000	105.850822	10.110862
0.380000	106.008514	10.116858
0.390000	106.166374	10.123019
0.400000	106.324402	10.129343
0.410000	106.482597	10.135832
0.420000	106.640961	10.142485
0.430000	106.799484	10.149302
0.440000	106.958168	10.156286
0.450000	107.117012	10.163436
0.460000	107.276016	10.170753
0.470000	107.435173	10.178236
0.480000	107.594490	10.185887
0.490000	107.753960	10.193707
0.500000	107.913582	10.201696
0.510000	108.073349	10.209854
0.520000	108.233261	10.218182
0.530000	108.393318	10.226680
0.540000	108.553520	10.235349
0.550000	108.713867	10.244189
0.560000	108.874352	10.253202
0.570000	109.034973	10.262388
0.580000	109.195732	10.271747
0.590000	109.356628	10.281280
0.600000	109.517654	10.290987
0.610000	109.678810	10.300869
0.620000	109.840096	10.310927
0.630000	110.001503	10.321161
0.640000	110.163033	10.331573
0.650000	110.324684	10.342161
0.660000	110.486458	10.352928
0.670000	110.648346	10.363874
0.680000	110.810349	10.375000
0.690000	110.972466	10.386306
0.700000	111.134689	10.397793
0.710000	111.297028	10.409461
0.720000	111.459465	10.421312
0.730000	111.622009	10.433346
0.740000	111.784653	10.445563
0.750000	111.947395	10.457966
0.760000	112.110237	10.470553
0.770000	112.273170	10.483327
0.780000	112.436203	10.496286
0.790000	112.599319	10.509434
0.800000	112.762527	10.522769
0.810000	112.925819	10.536293
0.820000	113.089195	10.550007
0.830000	113.252647	10.563911
0.839999	113.416176	10.578007
0.849999	113.579781	10.592295
0.859999	113.743462	10.606775
0.869999	113.907211	10.621449
0.879999	114.071030	10.636318
0.889999	114.234909	10.651382
0.899999	114.398849	10.666643
0.909999	114.562851	10.682100
0.919999	114.726906	10.697756
0.929999	114.891014	10.713610
0.939999	115.055176	10.729663
0.949999	115.219391	10.745917
0.959999	115.383644	10.762373
0.969999	115.547943	10.779031
0.979999	115.712280	10.795892
0.989999	115.876656	10.812957
0.999999	116.041069	10.830227
1.009999	116.205513	10.847703
1.019999	116.369987	10.865386
1.029999	116.534485	10.883277
1.039999	116.699005	10.901377
1.049999	116.863541	10.919686
1.059999	117.028099	10.938207
1.069999	117.192665	10.956939
1.079999	117.357246	10.975883
1.089999	117.521835	10.995042
1.099999	117.686424	11.014415
1.109999	117.851013	11.034003
1.119999	118.015602	11.053808
1.129999	118.180183	11.073832
1.139999	118.344757	11.094073
1.149999	118.509323	11.114535
1.159999	118.673874	11.135219
1.169999	118.838402	11.156123
1.179999	119.002907	11.177251
1.189999	119.167389	11.198604
1.199999	119.331841	11.220181
1.209999	119.496262	11.241985
1.219999	119.660645	11.264017
1.229999	119.824989	11.286278
1.239999	119.989288	11.308768
1.249999	120.153542	11.331490
1.259999	120.317749	11.354443
1.269999	120.481903	11.377629
1.279999	120.645996	11.401051
1.289999	120.810028	11.424707
1.299999	120.973999	11.448601
1.309999	121.137901	11.472733
1.319999	121.301727	11.497104
1.329999	121.465485	11.521715
1.339999	121.629158	11.546568
1.349999	121.792747	11.571664
1.359999	121.956253	11.597004
1.369999	122.119667	11.622589
1.379999	122.282982	11.648421
1.389999	122.446198	11.674501
1.399999	122.609314	11.700831
1.409999	122.772316	11.727411
1.419999	122.935211	11.754244
1.429999	123.097992	11.781329
1.439999	123.260651	11.808669
1.449999	123.423187	11.836265
1.459999	123.585594	11.864118
1.469999	123.747871	11.892229
1.479999	123.910011	11.920601
1.489999	124.072006	11.949234
1.499999	124.233856	11.978129
1.509999	124.395554	12.007289
1.519999	124.557098	12.036715
1.529999	124.718483	12.066407
1.539999	124.879707	12.096368
1.549999	125.040764	12.126598
1.559999	125.201645	12.157100
1.569999	125.362350	12.187874
1.579999	125.522873	12.218923
1.589999	125.683212	12.250247
1.599999	125.843361	12.281848
1.609999	126.003311	12.313728
1.619999	126.163063	12.345888
1.629999	126.322609	12.378330
1.639999	126.481941	12.411055
1.649999	126.641060	12.444064
1.659999	126.799957	12.477360
1.669999	126.958633	12.510943
1.679999	127.117073	12.544816
1.689999	127.275284	12.578979
1.699999	127.433250	12.613436
1.709999	127.590973	12.648186
1.719999	127.748444	12.683231
1.729999	127.905663	12.718575
1.739999	128.062622	12.754216
1.749999	128.219315	12.790158
1.759999	128.375732	12.826403
1.769999	128.531876	12.862950
1.779999	128.687729	12.899804
1.789999	128.843292	12.936964
1.799999	128.998566	12.974433
1.809999	129.153549	13.012213
1.819999	129.308228	13.050304
1.829999	129.462585	13.088710
1.839999	129.616638	13.127431
1.849999	129.770370	13.166469
1.859999	129.923767	13.205826
1.869999	130.076828	13.245503
1.879999	130.229553	13.285503
1.889999	130.381943	13.325828
1.899999	130.533981	13.366477
1.909999	130.685654	13.407454
1.919999	130.836975	13.448761
1.929999	130.987930	13.490398
1.939999	131.138504	13.532369
1.949998	131.288696	13.574674
1.959998	131.438507	13.617315
1.969998	131.587921	13.660295
1.979998	131.736938	13.703616
1.989998	131.885544	13.747278
1.999998	132.033737	13.791285
2.009999	132.181519	13.835636
2.019999	132.328873	13.880336
2.029999	132.475800	13.925385
2.039999	132.622299	13.970784
2.049999	132.768341	14.016537
2.059999	132.913940	14.062644
2.069999	133.059082	14.109108
2.079998	133.203766	14.155931
2.089998	133.347977	14.203115
2.099998	133.491714	14.250662
2.109998	133.634964	14.298573
2.119998	133.777725	14.346849
2.129998	133.919998	14.395494
2.139998	134.061768	14.444510
2.149998	134.203018	14.493896
2.159998	134.343750	14.543657
2.169998	134.483963	14.593794
2.179998	134.623642	14.644308
2.189998	134.762787	14.695202
2.199998	134.901382	14.746478
2.209998	135.039429	14.798138
2.219998	135.176910	14.850183
2.229998	135.313828	14.902615
2.239998	135.450165	14.955437
2.249998	135.585922	15.008650
2.259998	135.721100	15.062257
2.269998	135.855682	15.116259
2.279998	135.989655	15.170658
2.289998	136.123016	15.225457
2.299998	136.255753	15.280657
2.309998	136.387863	15.336260
2.319998	136.519348	15.392268
2.329998	136.650192	15.448684
2.339998	136.780380	15.505508
2.349998	136.909912	15.562744
2.359998	137.038788	15.620393
2.369998	137.166992	15.678456
2.379998	137.294510	15.736938
2.389998	137.421341	15.795837
2.399998	137.547470	15.855159
2.409998	137.672897	15.914903
2.419998	137.797623	15.975072
2.429998	137.921616	16.035667
2.439998	138.044891	16.096691
2.449998	138.167435	16.158146
2.459998	138.289230	16.220034
2.469998	138.410263	16.282356
2.479998	138.530548	16.345116
2.489998	138.650055	16.408314
2.499998	138.768784	16.471952
2.509998	138.886734	16.536034
2.519998	139.003891	16.600559
2.529998	139.120239	16.665531
2.539998	139.235779	16.730951
2.549998	139.350510	16.796822
2.559998	139.464401	16.863144
2.569998	139.577469	16.929920
2.579998	139.689682	16.997152
2.589998	139.801041	17.064842
2.599998	139.911545	17.132992
2.609998	140.021179	17.201603
2.619998	140.129929	17.270678
2.629998	140.237793	17.340218
2.639998	140.344757	17.410225
2.649998	140.450821	17.480701
2.659998	140.555969	17.551647
2.669998	140.660202	17.623066
2.679998	140.763504	17.694960
2.689998	140.865860	17.767328
2.699998	140.967270	17.840176
2.709998	141.067719	17.913502
2.719998	141.167206	17.987309
2.729998	141.265717	18.061600
2.739998	141.363235	18.136375
2.749998	141.459763	18.211637
2.759998	141.555283	18.287386
2.769998	141.649796	18.363625
2.779998	141.743286	18.440355
2.789998	141.835754	18.517578
2.799998	141.927170	18.595295
2.809998	142.017548	18.673508
2.819998	142.106857	18.752218
2.829998	142.195114	18.831429
2.839998	142.282288	18.911139
2.849998	142.368378	18.991350
2.859998	142.453369	19.072065
2.869998	142.537262	19.153286
2.879998	142.620041	19.235012
2.889998	142.701706	19.317245
2.899998	142.782227	19.399988
2.909998	142.861618	19.483240
2.919998	142.939850	19.567005
2.929998	143.016922	19.651281
2.939998	143.092834	19.736073
2.949998	143.167572	19.821379
2.959998	143.241119	19.907202
2.969998	143.313477	19.993542
2.979998	143.384628	20.080400
2.989998	143.454559	20.167778
2.999998	143.523270	20.255676
3.009998	143.590744	20.344097
3.019998	143.656982	20.433041
3.029998	143.721970	20.522507
3.039998	143.785690	20.612497
3.049998	143.848145	20.703012
3.059998	143.909317	20.794054
3.069998	143.969193	20.885622
3.079998	144.027771	20.977718
3.089998	144.085052	21.070343
3.099998	144.141006	21.163496
3.109998	144.195648	21.257179
3.119998	144.248947	21.351391
3.129997	144.300903	21.446135
3.139997	144.351501	21.541409
3.149997	144.400742	21.637213
3.159997	144.448608	21.733549
3.169997	144.495102	21.830418
3.179997	144.540207	21.927818
3.189997	144.583908	22.025751
3.199997	144.626205	22.124216
3.209997	144.667084	22.223215
3.219997	144.706543	22.322746
3.229997	144.744568	22.422810
3.239997	144.781143	22.523405
3.249997	144.816269	22.624533
3.259997	144.849945	22.726194
3.269997	144.882141	22.828386
3.279997	144.912857	22.931110
3.289997	144.942093	23.034367
3.299997	144.969833	23.138153
3.309997	144.996078	23.242470
3.319997	145.020798	23.347317
3.329997	145.044006	23.452692
3.339997	145.065689	23.558596
3.349997	145.085831	23.665028
3.359997	145.104431	23.771986
3.369997	145.121475	23.879471
3.379997	145.136948	23.987480
3.389997	145.150864	24.096014
3.399997	145.163193	24.205070
3.409997	145.173935	24.314650
3.419997	145.183090	24.424747
3.429997	145.190643	24.535366
3.439997	145.196579	24.646502
3.449997	145.200897	24.758154
3.459997	145.203598	24.870319
3.469997	145.204666	24.982998
3.479997	145.204086	25.096188
3.489997	145.201859	25.209887
3.499997	145.197983	25.324093
3.509997	145.192444	25.438805
3.519997	145.185242	25.554020
3.529997	145.176361	25.669737
3.539997	145.165802	25.785952
3.549997	145.153549	25.902664
3.559997	145.139603	26.019871
3.569997	145.123947	26.137569
3.579997	145.106583	26.255756
3.589997	145.087509	26.374430
3.599997	145.066711	26.493587
3.609997	145.044174	26.613226
3.619997	145.019913	26.733341
3.629997	144.993912	26.853931
3.639997	144.966156	26.974993
3.649997	144.936646	27.096523
3.659997	144.905380	27.218517
3.669997	144.872345	27.340973
3.679997	144.837540	27.463886
3.689997	144.800964	27.587254
3.699997	144.762604	27.711071
3.709997	144.722458	27.835335
3.719997	144.680527	27.960041
3.729997	144.636795	28.085186
3.739997	144.591278	28.210766
3.749997	144.543945	28.336775
3.759997	144.494812	28.463209
3.769997	144.443863	28.590065
3.779997	144.391098	28.717339
3.789997	144.336517	28.845022
3.799997	144.280106	28.973114
3.809997	144.221863	29.101608
3.819997	144.161789	29.230499
3.829997	144.099884	29.359781
3.839997	144.036133	29.489450
3.849997	143.970551	29.619501
3.859997	143.903122	29.749928
3.869997	143.833847	29.880724
3.879997	143.762726	30.011885
3.889997	143.689743	30.143404
3.899997	143.614914	30.275274
3.909997	143.538223	30.407492
3.919997	143.459671	30.540051
3.929997	143.379257	30.672943
3.939997	143.296982	30.806162
3.949997	143.212845	30.939703
3.959997	143.126846	31.073559
3.969997	143.038986	31.207722
3.979997	142.949265	31.342186
3.989997	142.857666	31.476944
3.999997	142.764206	31.611990
4.009997	142.668869	31.747314
4.019997	142.571671	31.882912
4.029997	142.472610	32.018772
4.039998	142.371674	32.154892
4.049998	142.268875	32.291260
4.059998	142.164215	32.427872
4.069998	142.057678	32.564716
4.079998	141.949280	32.701786
4.089999	141.839020	32.839077
4.099999	141.726898	32.976578
4.109999	141.612915	33.114277
4.119999	141.497070	33.252171
4.130000	141.379379	33.390247
4.140000	141.259827	33.528500
4.150000	141.138428	33.666920
4.160000	141.015182	33.805496
4.170001	140.890091	33.944221
4.180001	140.763153	34.083088
4.190001	140.634384	34.222084
4.200001	140.503769	34.361202
4.210001	140.371323	34.500431
4.220002	140.237045	34.639763
4.230002	140.100952	34.779186
4.240002	139.963043	34.918694
4.250002	139.823318	35.058273
4.260003	139.681778	35.197918
4.270003	139.538437	35.337616
4.280003	139.393295	35.477356
4.290003	139.246353	35.617126
4.300004	139.097626	35.756920
4.310004	138.947113	35.896725
4.320004	138.794815	36.036530
4.330004	138.640747	36.176327
4.340004	138.484909	36.316101
4.350005	138.327316	36.455845
4.360005	138.167969	36.595547
4.370005	138.006882	36.735195
4.380005	137.844055	36.874779
4.390006	137.679504	37.014290
4.400006	137.513229	37.153713
4.410006	137.345245	37.293037
4.420006	137.175552	37.432251
4.430007	137.004166	37.571346
4.440007	136.831085	37.710308
4.450007	136.656326	37.849125
4.460007	136.479904	37.987785
4.470007	136.301819	38.126278
4.480008	136.122086	38.264591
4.490008	135.940704	38.402714
4.500008	135.757690	38.540630
4.510008	135.573059	38.678333
4.520009	135.386810	38.815807
4.530009	135.198959	38.953041
4.540009	135.009521	39.090023
4.550009	134.818512	39.226742
4.560009	134.625931	39.363182
4.570010	134.431793	39.499332
4.580010	134.236099	39.635181
4.590010	134.038879	39.770718
4.600010	133.840134	39.905926
4.610011	133.639877	40.040794
4.620011	133.438126	40.175312
4.630011	133.234894	40.309467
4.640011	133.030182	40.443245
4.650012	132.824005	40.576633
4.660012	132.616394	40.709618
4.670012	132.407349	40.842190
4.680012	132.196884	40.974331
4.690012	131.985001	41.106033
4.700013	131.771729	41.237282
4.710013	131.557083	41.368065
4.720013	131.341064	41.498367
4.730013	131.123703	41.628181
4.740014	130.904999	41.757488
4.750014	130.684982	41.886280
4.760014	130.463654	42.014542
4.770014	130.241028	42.142262
4.780015	130.017136	42.269424
4.790015	129.791977	42.396019
4.800015	129.565567	42.522034
4.810015	129.337936	42.647453
4.820015	129.109085	42.772266
4.830016	128.879028	42.896461
4.840016	128.647797	43.020023
4.850016	128.415390	43.142941
4.860016	128.181839	43.265202
4.870017	127.947151	43.386795
4.880017	127.711342	43.507706
4.890017	127.474426	43.627922
4.900017	127.236427	43.747433
4.910017	126.997360	43.866222
4.920018	126.757240	43.984283
4.930018	126.516083	44.101601
4.940018	126.273911	44.218163
4.950018	126.030739	44.333954
4.960019	125.786583	44.448967
4.970019	125.541458	44.563187
4.980019	125.295387	44.676605
4.990019	125.048386	44.789207
5.000020	124.800468	44.900982
5.010020	124.551659	45.011917
5.020020	124.301971	45.122002
5.030020	124.051422	45.231224
5.040020	123.800034	45.339573
5.050021	123.547821	45.447037
5.060021	123.294800	45.553604
5.070021	123.040993	45.659264
5.080021	122.786415	45.764008
5.090022	122.531090	45.867821
5.100022	122.275032	45.970695
5.110022	122.018257	46.072617
5.120022	121.760788	46.173576
5.130023	121.502640	46.273567
5.140023	121.243835	46.372574
5.150023	120.984390	46.470589
5.160023	120.724319	46.567600
5.170023	120.463646	46.663601
5.180024	120.202393	46.758579
5.190024	119.940567	46.852524
5.200024	119.678192	46.945427
5.210024	119.415291	47.037281
5.220025	119.151878	47.128075
5.230025	118.887978	47.217796
5.240025	118.623604	47.306438
5.250025	118.358772	47.393993
5.260026	118.093506	47.480453
5.270026	117.827820	47.565807
5.280026	117.561737	47.650047
5.290026	117.295273	47.733166
5.300026	117.028442	47.815155
5.310027	116.761269	47.896008
5.320027	116.493774	47.975712
5.330027	116.225975	48.054264
5.340027	115.957886	48.131657
5.350028	115.689522	48.207878
5.360028	115.420906	48.282925
5.370028	115.152061	48.356789
5.380028	114.882996	48.429462
5.390028	114.613739	48.500942
5.400029	114.344299	48.571217
5.410029	114.074699	48.640282
5.420029	113.804955	48.708134
5.430029	113.535088	48.774765
5.440030	113.265106	48.840168
5.450030	112.995041	48.904339
5.460030	112.724899	48.967270
5.470030	112.454704	49.028957
5.480031	112.184471	49.089397
5.490031	111.914215	49.148582
5.500031	111.643959	49.206509
5.510031	111.373718	49.263172
5.520031	111.103508	49.318569
5.530032	110.833344	49.372692
5.540032	110.563248	49.425541
5.550032	110.293236	49.477108
5.560032	110.023323	49.527393
5.570033	109.753525	49.576393
5.580033	109.483856	49.624104
5.590033	109.214340	49.670521
5.600033	108.944984	49.715641
5.610034	108.675812	49.759460
5.620034	108.406837	49.801979
5.630034	108.138077	49.843193
5.640034	107.869545	49.883102
5.650034	107.601257	49.921703
5.660035	107.333229	49.958996
5.670035	107.065475	49.994976
5.680035	106.798012	50.029644
5.690035	106.530853	50.062996
5.700036	106.264015	50.095032
5.710036	105.997513	50.125751
5.720036	105.731361	50.155155
5.730036	105.465576	50.183243
5.740036	105.200172	50.210011
5.750037	104.935165	50.235462
5.760037	104.670563	50.259594
5.770037	104.406380	50.282410
5.780037	104.142639	50.303905
5.790038	103.879341	50.324085
5.800038	103.616508	50.342949
5.810038	103.354156	50.360497
5.820038	103.092293	50.376732
5.830039	102.830933	50.391655
5.840039	102.570091	50.405266
5.850039	102.309776	50.417564
5.860039	102.050003	50.428555
5.870039	101.790787	50.438240
5.880040	101.532135	50.446621
5.890040	101.274063	50.453701
5.900040	101.016579	50.459480
5.910040	100.759697	50.463963
5.920041	100.503433	50.467148
5.930041	100.247795	50.469044
5.940041	99.992798	50.469650
5.950041	99.738449	50.468971
5.960042	99.484756	50.467010
5.970042	99.231735	50.463772
5.980042	98.979393	50.459259
5.990042	98.727745	50.453476
6.000042	98.476799	50.446423
6.010043	98.226570	50.438107
6.020043	97.977066	50.428532
6.030043	97.728294	50.417706
6.040043	97.480263	50.405628
6.050044	97.232986	50.392307
6.060044	96.986473	50.377743
6.070044	96.740730	50.361946
6.080044	96.495766	50.344917
6.090044	96.251595	50.326664
6.100045	96.008224	50.307190
6.110045	95.765663	50.286503
6.120045	95.523918	50.264606
6.130045	95.282997	50.241508
6.140046	95.042908	50.217213
6.150046	94.803658	50.191727
6.160046	94.565254	50.165054
6.170046	94.327713	50.137203
6.180047	94.091034	50.108177
6.190047	93.855225	50.077988
6.200047	93.620293	50.046638
6.210047	93.386253	50.014133
6.220047	93.153107	49.980484
6.230048	92.920860	49.945694
6.240048	92.689514	49.909771
6.250048	92.459084	49.872723
6.260048	92.229576	49.834557
6.270049	92.000992	49.795277
6.280049	91.773338	49.754894
6.290049	91.546623	49.713417
6.300049	91.320854	49.670849
6.310050	91.096031	49.627201
6.320050	90.872162	49.582478
6.330050	90.649254	49.536686
6.340050	90.427315	49.489838
6.350050	90.206345	49.441940
6.360051	89.986351	49.392998
6.370051	89.767342	49.343021
6.380051	89.549316	49.292019
6.390051	89.332275	49.239998
6.400052	89.116234	49.186966
6.410052	88.901192	49.132931
6.420052	88.687149	49.077904
6.430052	88.474113	49.021893
6.440053	88.262085	48.964905
6.450053	88.051071	48.906948
6.460053	87.841080	48.848030
6.470053	87.632111	48.788162
6.480053	87.424164	48.727352
6.490054	87.217247	48.665607
6.500054	87.011360	48.602940
6.510054	86.806503	48.539356
6.520054	86.602684	48.474865
6.530055	86.399902	48.409473
6.540055	86.198166	48.343193
6.550055	85.997475	48.276031
6.560055	85.797829	48.208000
6.570055	85.599236	48.139103
6.580056	85.401695	48.069355
6.590056	85.205208	47.998760
6.600056	85.009773	47.927330
6.610056	84.815399	47.855076
6.620057	84.622086	47.782001
6.630057	84.429832	47.708118
6.640057	84.238640	47.633438
6.650057	84.048508	47.557968
6.660058	83.859444	47.481716
6.670058	83.671448	47.404694
6.680058	83.484520	47.326908
6.690058	83.298660	47.248371
6.700058	83.113869	47.169090
6.710059	82.930145	47.089073
6.720059	82.747498	47.008331
6.730059	82.565918	46.926872
6.740059	82.385414	46.844707
6.750060	82.205978	46.761845
6.760060	82.027618	46.678295
6.770060	81.850334	46.594067
6.780060	81.674126	46.509167
6.790061	81.498985	46.423607
6.800061	81.324921	46.337395
6.810061	81.151932	46.250538
6.820061	80.980019	46.163048
6.830061	80.809174	46.074936
6.840062	80.639404	45.986210
6.850062	80.470711	45.896877
6.860062	80.303085	45.806946
6.870062	80.136536	45.716427
6.880063	79.971054	45.625332
6.890063	79.806648	45.533665
6.900063	79.643311	45.441437
6.910063	79.481041	45.348660
6.920063	79.319839	45.255341
6.930064	79.159706	45.161488
6.940064	79.000641	45.067108
6.950064	78.842644	44.972214
6.960064	78.685707	44.876812
6.970065	78.529839	44.780914
6.980065	78.375031	44.684525
6.990065	78.221283	44.587654
7.000065	78.068596	44.490314
7.010066	77.916969	44.392509
7.020066	77.766396	44.294250
7.030066	77.616882	44.195545
7.040066	77.468422	44.096405
7.050066	77.321014	43.996838
7.060067	77.174652	43.896851
7.070067	77.029343	43.796452
7.080067	76.885078	43.695648
7.090067	76.741859	43.594452
7.100068	76.599686	43.492867
7.110068	76.458549	43.390903
7.120068	76.318459	43.288570
7.130068	76.179405	43.185879
7.140069	76.041382	43.082832
7.150069	75.904396	42.979439
7.160069	75.768440	42.875710
7.170069	75.633514	42.771652
7.180069	75.499611	42.667274
7.190070	75.366737	42.562584
7.200070	75.234886	42.457588
7.210070	75.104057	42.352295
7.220070	74.974243	42.246712
7.230071	74.845444	42.140846
7.240071	74.717659	42.034706
7.250071	74.590881	41.928299
7.260071	74.465118	41.821636
7.270072	74.340355	41.714722
7.280072	74.216599	41.607563
7.290072	74.093842	41.500168
7.300072	73.972084	41.392544
7.310072	73.851326	41.284698
7.320073	73.731560	41.176640
7.330073	73.612785	41.068371
7.340073	73.494995	40.959904
7.350073	73.378189	40.851246
7.360074	73.262367	40.742401
7.370074	73.147522	40.633377
7.380074	73.033653	40.524181
7.390074	72.920761	40.414822
7.400074	72.808838	40.305302
7.410075	72.697884	40.195633
7.420075	72.587898	40.085819
7.430075	72.478874	39.975868
7.440075	72.370811	39.865788
7.450076	72.263702	39.755581
7.460076	72.157547	39.645256
7.470076	72.052345	39.534821
7.480076	71.948090	39.424278
7.490077	71.844780	39.313637
7.500077	71.742416	39.202904
7.510077	71.640991	39.092083
7.520077	71.540504	38.981182
7.530077	71.440948	38.870209
7.540078	71.342323	38.759167
7.550078	71.244629	38.648064
7.560078	71.147858	38.536903
7.570078	71.052002	38.425694
7.580079	70.957069	38.314438
7.590079	70.863052	38.203144
7.600079	70.769943	38.091816
7.610079	70.677750	37.980461
7.620080	70.586456	37.869083
7.630080	70.496071	37.757690
7.640080	70.406586	37.646286
7.650080	70.317993	37.534878
7.660080	70.230293	37.423466
7.670081	70.143486	37.312061
7.680081	70.057571	37.200668
7.690081	69.972542	37.089291
7.700081	69.888390	36.977932
7.710082	69.805115	36.866600
7.720082	69.722717	36.755299
7.730082	69.641190	36.644032
7.740082	69.560532	36.532806
7.750082	69.480743	36.421627
7.760083	69.401817	36.310497
7.770083	69.323753	36.199421
7.780083	69.246544	36.088406
7.790083	69.170189	35.977455
7.800084	69.094681	35.866573
7.810084	69.020020	35.755764
7.820084	68.946205	35.645031
7.830084	68.873230	35.534382
7.840085	68.801094	35.423820
7.850085	68.729797	35.313347
7.860085	68.659332	35.202969
7.870085	68.589691	35.092690
7.880085	68.520882	34.982513
7.890086	68.452888	34.872444
7.900086	68.385719	34.762489
7.910086	68.319366	34.652649
7.920086	68.253830	34.542927
7.930087	68.189102	34.433327
7.940087	68.125183	34.323856
7.950087	68.062065	34.214516
7.960087	67.999748	34.105309
7.970088	67.938232	33.996239
7.980088	67.877510	33.887314
7.990088	67.817581	33.778534
8.000088	67.758438	33.669903
8.010088	67.700089	33.561424
8.020088	67.642517	33.453098
8.030088	67.585732	33.344933
8.040089	67.529716	33.236931
8.050089	67.474480	33.129093
8.060089	67.420013	33.021423
8.070089	67.366318	32.913925
8.080090	67.313385	32.806602
8.090090	67.261215	32.699459
8.100090	67.209808	32.592495
8.110090	67.159157	32.485718
8.120090	67.109261	32.379128
8.130091	67.060112	32.272724
8.140091	67.011711	32.166515
8.150091	66.964058	32.060501
8.160091	66.917152	31.954685
8.170092	66.870979	31.849072
8.180092	66.825546	31.743660
8.190092	66.780846	31.638456
8.200092	66.736877	31.533461
8.210093	66.693642	31.428677
8.220093	66.651131	31.324106
8.230093	66.609344	31.219753
8.240093	66.568275	31.115618
8.250093	66.527924	31.011703
8.260094	66.488289	30.908012
8.270094	66.449364	30.804548
8.280094	66.411148	30.701311
8.290094	66.373634	30.598305
8.300095	66.336830	30.495531
8.310095	66.300728	30.392990
8.320095	66.265320	30.290686
8.330095	66.230606	30.188622
8.340096	66.196587	30.086798
8.350096	66.163261	29.985216
8.360096	66.130623	29.883879
8.370096	66.098671	29.782787
8.380096	66.067398	29.681944
8.390097	66.036804	29.581350
8.400097	66.006889	29.481009
8.410097	65.977646	29.380920
8.420097	65.949074	29.281088
8.430098	65.921173	29.181511
8.440098	65.893944	29.082193
8.450098	65.867378	28.983135
8.460098	65.841476	28.884338
8.470098	65.816231	28.785805
8.480099	65.791641	28.687536
8.490099	65.767708	28.589535
8.500099	65.744423	28.491800
8.510099	65.721794	28.394335
8.520100	65.699806	28.297140
8.530100	65.678467	28.200216
8.540100	65.657768	28.103565
8.550100	65.637711	28.007189
8.560101	65.618294	27.911087
8.570101	65.599510	27.815262
8.580101	65.581360	27.719715
8.590101	65.563835	27.624447
8.600101	65.546944	27.529459
8.610102	65.530678	27.434752
8.620102	65.515038	27.340326
8.630102	65.500015	27.246185
8.640102	65.485611	27.152328
8.650103	65.471825	27.058756
8.660103	65.458649	26.965469
8.670103	65.446091	26.872471
8.680103	65.434143	26.779760
8.690104	65.422798	26.687338
8.700104	65.412064	26.595205
8.710104	65.401932	26.503363
8.720104	65.392403	26.411812
8.730104	65.383469	26.320553
8.740105	65.375130	26.229588
8.750105	65.367386	26.138914
8.760105	65.360237	26.048536
8.770105	65.353676	25.958452
8.780106	65.347710	25.868664
8.790106	65.342323	25.779171
8.800106	65.337524	25.689974
8.810106	65.333305	25.601074
8.820107	65.329666	25.512472
8.830107	65.326607	25.424170
8.840107	65.324127	25.336164
8.850107	65.322220	25.248459
8.860107	65.320885	25.161053
8.870108	65.320114	25.073946
8.880108	65.319916	24.987141
8.890108	65.320282	24.900635
8.900108	65.321213	24.814430
8.910109	65.322708	24.728527
8.920109	65.324760	24.642925
8.930109	65.327370	24.557627
8.940109	65.330536	24.472630
8.950109	65.334259	24.387936
8.960110	65.338531	24.303545
8.970110	65.343353	24.219458
8.980110	65.348724	24.135674
8.990110	65.354645	24.052193
9.000111	65.361115	23.969015
9.010111	65.368126	23.886141
9.020111	65.375679	23.803570
9.030111	65.383774	23.721304
9.040112	65.392403	23.639341
9.050112	65.401566	23.557684
9.060112	65.411263	23.476330
9.070112	65.421494	23.395281
9.080112	65.432259	23.314535
9.090113	65.443550	23.234095
9.100113	65.455368	23.153957
9.110113	65.467712	23.074125
9.120113	65.480583	22.994596
9.130114	65.493973	22.915373
9.140114	65.507889	22.836452
9.150114	65.522324	22.757837
9.160114	65.537270	22.679525
9.170115	65.552734	22.601517
9.180115	65.568710	22.523813
9.190115	65.585205	22.446413
9.200115	65.602211	22.369316
9.210115	65.619720	22.292522
9.220116	65.637741	22.216032
9.230116	65.656265	22.139845
9.240116	65.675293	22.063959
9.250116	65.694824	21.988377
9.260117	65.714859	21.913095
9.270117	65.735397	21.838118
9.280117	65.756432	21.763441
9.290117	65.777962	21.689066
9.300117	65.799988	21.614992
9.310118	65.822510	21.541220
9.320118	65.845520	21.467747
9.330118	65.869026	21.394575
9.340118	65.893021	21.321703
9.350119	65.917503	21.249130
9.360119	65.942474	21.176857
9.370119	65.967926	21.104883
9.380119	65.993866	21.033209
9.390120	66.020287	20.961832
9.400120	66.047188	20.890753
9.410120	66.074570	20.819971
9.420120	66.102425	20.749487
9.430120	66.130760	20.679300
9.440121	66.159569	20.609409
9.450121	66.188850	20.539814
9.460121	66.218605	20.470514
9.470121	66.248833	20.401510
9.480122	66.279533	20.332800
9.490122	66.310699	20.264383
9.500122	66.342339	20.196260
9.510122	66.374443	20.128431
9.520123	66.407013	20.060894
9.530123	66.440041	19.993650
9.540123	66.473534	19.926697
9.550123	66.507484	19.860035
9.560123	66.541901	19.793663
9.570124	66.576775	19.727583
9.580124	66.612106	19.661791
9.590124	66.647896	19.596289
9.600124	66.684135	19.531075
9.610125	66.720833	19.466148
9.620125	66.757980	19.401510
9.630125	66.795578	19.337158
9.640125	66.833626	19.273094
9.650126	66.872124	19.209314
9.660126	66.911072	19.145821
9.670126	66.950462	19.082611
9.680126	66.990303	19.019686
9.690126	67.030586	18.957045
9.700127	67.071312	18.894686
9.710127	67.112480	18.832609
9.720127	67.154091	18.770815
9.730127	67.196144	18.709301
9.740128	67.238632	18.648067
9.750128	67.281563	18.587114
9.760128	67.324928	18.526440
9.770128	67.368729	18.466043
9.780128	67.412964	18.405926
9.790129	67.457634	18.346085
9.800129	67.502739	18.286520
9.810129	67.548271	18.227232
9.820129	67.594238	18.168219
9.830130	67.640633	18.109480
9.840130	67.687454	18.051016
9.850130	67.734703	17.992825
9.860130	67.782379	17.934906
9.870131	67.830482	17.877260
9.880131	67.879005	17.819885
9.890131	67.927956	17.762781
9.900131	67.977325	17.705948
9.910131	68.027122	17.649384
9.920132	68.077339	17.593088
9.930132	68.127975	17.537060
9.940132	68.179031	17.481298
9.950132	68.230499	17.425804
9.960133	68.282387	17.370577
9.970133	68.334694	17.315615
9.980133	68.387413	17.260916
9.990133	68.440544	17.206482
10.000134	68.494087	17.152311
10.010134	68.548042	17.098402
10.020134	68.602409	17.044754
10.030134	68.657188	16.991367
10.040134	68.712379	16.938242
10.050135	68.767975	16.885376
10.060135	68.823982	16.832769
10.070135	68.880394	16.780420
10.080135	68.937210	16.728329
10.090136	68.994438	16.676495
10.100136	69.052071	16.624916
10.110136	69.110107	16.573593
10.120136	69.168541	16.522524
10.130136	69.227379	16.471710
10.140137	69.286621	16.421148
10.150137	69.346260	16.370840
10.160137	69.406303	16.320784
10.170137	69.466743	16.270977
10.180138	69.527580	16.221422
10.190138	69.588814	16.172117
10.200138	69.650444	16.123060
10.210138	69.712471	16.074251
10.220139	69.774895	16.025690
10.230139	69.837708	15.977376
10.240139	69.900917	15.929307
10.250139	69.964516	15.881484
10.260139	70.028511	15.833905
10.270140	70.092896	15.786571
10.280140	70.157669	15.739479
10.290140	70.222832	15.692630
10.300140	70.288383	15.646023
10.310141	70.354324	15.599656
10.320141	70.420654	15.553530
10.330141	70.487373	15.507643
10.340141	70.554474	15.461995
10.350142	70.621964	15.416585
10.360142	70.689835	15.371412
10.370142	70.758087	15.326477
10.380142	70.826729	15.281777
10.390142	70.895752	15.237313
10.400143	70.965157	15.193084
10.410143	71.034943	15.149088
10.420143	71.105110	15.105325
10.430143	71.175659	15.061794
10.440144	71.246582	15.018496
10.450144	71.317886	14.975428
10.460144	71.389572	14.932590
10.470144	71.461632	14.889981
10.480145	71.534065	14.847602
10.490145	71.606880	14.805450
10.500145	71.680069	14.763527
10.510145	71.753632	14.721830
10.520145	71.827568	14.680360
10.530146	71.901878	14.639114
10.540146	71.976562	14.598093
10.550146	72.051620	14.557296
10.560146	72.127045	14.516722
10.570147	72.202843	14.476371
10.580147	72.279015	14.436241
10.590147	72.355553	14.396333
10.600147	72.432457	14.356645
10.610147	72.509735	14.317177
10.620148	72.587379	14.277928
10.630148	72.665390	14.238898
10.640148	72.743767	14.200086
10.650148	72.822510	14.161490
10.660149	72.901619	14.123111
10.670149	72.981094	14.084948
10.680149	73.060936	14.046999
10.690149	73.141144	14.009265
10.700150	73.221710	13.971745
10.710150	73.302643	13.934437
10.720150	73.383934	13.897342
10.730150	73.465591	13.860458
10.740150	73.547607	13.823786
10.750151	73.629990	13.787324
10.760151	73.712730	13.751072
10.770151	73.795830	13.715029
10.780151	73.879288	13.679193
10.790152	73.963104	13.643566
10.800152	74.047279	13.608146
10.810152	74.131813	13.572932
10.820152	74.216705	13.537925
10.830153	74.301949	13.503122
10.840153	74.387550	13.468524
10.850153	74.473511	13.434130
10.860153	74.559822	13.399939
10.870153	74.646492	13.365950
10.880154	74.733513	13.332163
10.890154	74.820885	13.298577
10.900154	74.908615	13.265193
10.910154	74.996696	13.232009
10.920155	75.085129	13.199024
10.930155	75.173912	13.166239
10.940155	75.263046	13.133651
10.950155	75.352531	13.101261
10.960155	75.442368	13.069068
10.970156	75.532555	13.037071
10.980156	75.623085	13.005271
10.990156	75.713966	12.973665
11.000156	75.805199	12.942255
11.010157	75.896774	12.911038
11.020157	75.988701	12.880015
11.030157	76.080971	12.849185
11.040157	76.173592	12.818547
11.050158	76.266556	12.788101
11.060158	76.359863	12.757846
11.070158	76.453514	12.727781
11.080158	76.547508	12.697906
11.090158	76.641853	12.668221
11.100159	76.736542	12.638725
11.110159	76.831566	12.609417
11.120159	76.926933	12.580297
11.130159	77.022644	12.551363
11.140160	77.118698	12.522616
11.150160	77.215096	12.494056
11.160160	77.311829	12.465681
11.170160	77.408905	12.437491
11.180161	77.506317	12.409486
11.190161	77.604073	12.381664
11.200161	77.702164	12.354026
11.210161	77.800598	12.326571
11.220161	77.899368	12.299297
11.230162	77.998474	12.272206
11.240162	78.097916	12.245296
11.250162	78.197693	12.218567
11.260162	78.297806	12.192018
11.270163	78.398254	12.165648
11.280163	78.499039	12.139457
11.290163	78.600159	12.113445
11.300163	78.701614	12.087612
11.310163	78.803406	12.061956
11.320164	78.905525	12.036478
11.330164	79.007980	12.011176
11.340164	79.110771	11.986051
11.350164	79.213890	11.961101
11.360165	79.317345	11.936326
11.370165	79.421127	11.911726
11.380165	79.525238	11.887300
11.390165	79.629684	11.863049
11.400166	79.734459	11.838970
11.410166	79.839561	11.815064
11.420166	79.944992	11.791331
11.430166	80.050751	11.767770
11.440166	80.156837	11.744380
11.450167	80.263252	11.721161
11.460167	80.369995	11.698112
11.470167	80.477066	11.675234
11.480167	80.584465	11.652525
11.490168	80.692184	11.629986
11.500168	80.800232	11.607615
11.510168	80.908607	11.585413
11.520168	81.017303	11.563378
11.530169	81.126328	11.541512
11.540169	81.235672	11.519812
11.550169	81.345345	11.498279
11.560169	81.455338	11.476912
11.570169	81.565651	11.455711
11.580170	81.676285	11.434676
11.590170	81.787239	11.413806
11.600170	81.898514	11.393101
11.610170	82.010109	11.372560
11.620171	82.122025	11.352182
11.630171	82.234261	11.331968
11.640171	82.346817	11.311917
11.650171	82.459694	11.292029
11.660172	82.572891	11.272304
11.670172	82.686401	11.252740
11.680172	82.800232	11.233338
11.690172	82.914375	11.214098
11.700172	83.028839	11.195019
11.710173	83.143616	11.176100
11.720173	83.258713	11.157341
11.730173	83.374123	11.138742
11.740173	83.489845	11.120303
11.750174	83.605881	11.102023
11.760174	83.722229	11.083901
11.770174	83.838898	11.065939
11.780174	83.955879	11.048134
11.790174	84.073166	11.030487
11.800175	84.190765	11.012998
11.810175	84.308678	10.995666
11.820175	84.426903	10.978490
11.830175	84.545441	10.961472
11.840176	84.664284	10.944610
11.850176	84.783440	10.927903
11.860176	84.902901	10.911352
11.870176	85.022675	10.894957
11.880177	85.142754	10.878716
11.890177	85.263138	10.862631
11.900177	85.383827	10.846700
11.910177	85.504829	10.830923
11.920177	85.626137	10.815300
11.930178	85.747749	10.799831
11.940178	85.869667	10.784516
11.950178	85.991890	10.769354
11.960178	86.114410	10.754344
11.970179	86.237236	10.739488
11.980179	86.360367	10.724783
11.990179	86.483803	10.710231
12.000179	86.607536	10.695830
12.010180	86.731575	10.681581
12.020180	86.855911	10.667484
12.030180	86.980545	10.653539
12.040180	87.105484	10.639744
12.050180	87.230721	10.626100
12.060181	87.356255	10.612606
12.070181	87.482086	10.599263
12.080181	87.608215	10.586070
12.090181	87.734642	10.573027
12.100182	87.861366	10.560133
12.110182	87.988388	10.547389
12.120182	88.115700	10.534795
12.130182	88.243309	10.522349
12.140182	88.371208	10.510053
12.150183	88.499405	10.497905
12.160183	88.627892	10.485906
12.170183	88.756676	10.474055
12.180183	88.885750	10.462353
12.190184	89.015114	10.450799
12.200184	89.144768	10.439393
12.210184	89.274712	10.428135
12.220184	89.404945	10.417025
12.230185	89.535469	10.406061
12.240185	89.666283	10.395246
12.250185	89.797379	10.384577
12.260185	89.928764	10.374055
12.270185	90.060440	10.363681
12.280186	90.192398	10.353454
12.290186	90.324638	10.343372
12.300186	90.457169	10.333438
12.310186	90.589981	10.323650
12.320187	90.723076	10.314009
12.330187	90.856453	10.304514
12.340187	90.990112	10.295165
12.350187	91.124054	10.285962
12.360188	91.258278	10.276905
12.370188	91.392776	10.267994
12.380188	91.527557	10.259229
12.390188	91.662613	10.250609
12.400188	91.797951	10.242136
12.410189	91.933563	10.233809
12.420189	92.069450	10.225626
12.430189	92.205612	10.217589
12.440189	92.342049	10.209698
12.450190	92.478760	10.201952
12.460190	92.615746	10.194351
12.470190	92.753006	10.186896
12.480190	92.890541	10.179586
12.490191	93.028343	10.172421
12.500191	93.166420	10.165402
12.510191	93.304764	10.158528
12.520191	93.443375	10.151799
12.530191	93.582253	10.145216
12.540192	93.721397	10.138778
12.550192	93.860809	10.132484
12.560192	94.000488	10.126336
12.570192	94.140434	10.120334
12.580193	94.280647	10.114476
12.590193	94.421120	10.108764
12.600193	94.561859	10.103197
12.610193	94.702858	10.097775
12.620193	94.844116	10.092499
12.630194	94.985634	10.087368
12.640194	95.127411	10.082382
12.650194	95.269447	10.077542
12.660194	95.411743	10.072847
12.670195	95.554291	10.068298
12.680195	95.697098	10.063895
12.690195	95.840157	10.059638
12.700195	95.983475	10.055527
12.710196	96.127045	10.051560
12.720196	96.270866	10.047741
12.730196	96.414940	10.044067
12.740196	96.559265	10.040540
12.750196	96.703835	10.037158
12.760197	96.848656	10.033923
12.770197	96.993721	10.030834
12.780197	97.139038	10.027892
12.790197	97.284599	10.025097
12.800198	97.430405	10.022449
12.810198	97.576454	10.019947
12.820198	97.722748	10.017592
12.830198	97.869278	10.015385
12.840199	98.016052	10.013325
12.850199	98.163063	10.011412
12.860199	98.310318	10.009646
12.870199	98.457809	10.008029
12.880199	98.605537	10.006559
12.890200	98.753502	10.005239
12.900200	98.901695	10.004066
12.910200	99.050125	10.003041
12.920200	99.198784	10.002166
12.930201	99.347679	10.001439
12.940201	99.496803	10.000861
12.950201	99.646156	10.000433
12.960201	99.795738	10.000154
12.970201	99.945541	10.000024
12.980202	100.095573	10.000045
12.990202	100.245827	10.000216
13.000202	100.396301	10.000537
13.010202	100.547005	10.001009
13.020203	100.697922	10.001632
13.030203	100.849060	10.002405
13.040203	101.000420	10.003330
13.050203	101.151993	10.004407
13.060204	101.303787	10.005635
13.070204	101.455795	10.007016
13.080204	101.608017	10.008550
13.090204	101.760445	10.010236
13.100204	101.913086	10.012074
13.110205	102.065933	10.014067
13.120205	102.218994	10.016212
13.130205	102.372261	10.018512
13.140205	102.525734	10.020966
13.150206	102.679413	10.023574
13.160206	102.833290	10.026337
13.170206	102.987373	10.029255
13.180206	103.141655	10.032329
13.190207	103.296135	10.035559
13.200207	103.450813	10.038944
13.210207	103.605682	10.042487
13.220207	103.760750	10.046186
13.230207	103.916008	10.050043
13.240208	104.071457	10.054058
13.250208	104.227097	10.058230
13.260208	104.382927	10.062561
13.270208	104.538940	10.067051
13.280209	104.695137	10.071700
13.290209	104.851524	10.076509
13.300209	105.008087	10.081477
13.310209	105.164833	10.086606
13.320210	105.321762	10.091896
13.330210	105.478867	10.097347
13.340210	105.636147	10.102961
13.350210	105.793602	10.108736
13.360210	105.951225	10.114674
13.370211	106.109024	10.120774
13.380211	106.266991	10.127039
13.390211	106.425125	10.133468
13.400211	106.583427	10.140060
13.410212	106.741890	10.146818
13.420212	106.900520	10.153742
13.430212	107.059311	10.160831
13.440212	107.218254	10.168088
13.450212	107.377357	10.175511
13.460213	107.536613	10.183102
13.470213	107.696022	10.190861
13.480213	107.855583	10.198788
13.490213	108.015297	10.206884
13.500214	108.175156	10.215151
13.510214	108.335167	10.223587
13.520214	108.495316	10.232194
13.530214	108.655609	10.240973
13.540215	108.816048	10.249923
13.550215	108.976624	10.259046
13.560215	109.137337	10.268341
13.570215	109.298180	10.277810
13.580215	109.459160	10.287454
13.590216	109.620270	10.297273
13.600216	109.781502	10.307267
13.610216	109.942863	10.317437
13.620216	110.104347	10.327785
13.630217	110.265953	10.338309
13.640217	110.427681	10.349011
13.650217	110.589523	10.359893
13.660217	110.751488	10.370954
13.670218	110.913567	10.382194
13.680218	111.075752	10.393615
13.690218	111.238045	10.405217
13.700218	111.400444	10.417002
13.710218	111.562950	10.428969
13.720219	111.725563	10.441120
13.730219	111.888275	10.453455
13.740219	112.051079	10.465975
13.750219	112.213982	10.478681
13.760220	112.376976	10.491572
13.770220	112.540062	10.504651
13.780220	112.703239	10.517918
13.790220	112.866501	10.531373
13.800220	113.029846	10.545018
13.810221	113.193268	10.558853
13.820221	113.356773	10.572880
13.830221	113.520355	10.587098
13.840221	113.684006	10.601509
13.850222	113.847725	10.616113
13.860222	114.011513	10.630911
13.870222	114.175369	10.645904
13.880222	114.339287	10.661093
13.890223	114.503265	10.676478
13.900223	114.667305	10.692061
13.910223	114.831398	10.707843
13.920223	114.995544	10.723824
13.930223	115.159737	10.740005
13.940224	115.323975	10.756387
13.950224	115.488258	10.772971
13.960224	115.652580	10.789758
13.970224	115.816940	10.806748
13.980225	115.981339	10.823944
13.990225	116.145767	10.841345
14.000225	116.310226	10.858953
14.010225	116.474716	10.876767
14.020226	116.639229	10.894791
14.030226	116.803764	10.913024
14.040226	116.968315	10.931467
14.050226	117.132881	10.950122
14.060226	117.297455	10.968989
14.070227	117.462036	10.988070
14.080227	117.626625	11.007364
14.090227	117.791214	11.026875
14.100227	117.955803	11.046601
14.110228	118.120392	11.066545
14.120228	118.284973	11.086708
14.130228	118.449539	11.107090
14.140228	118.614090	11.127692
14.150229	118.778625	11.148517
14.160229	118.943138	11.169563
14.170229	119.107628	11.190834
14.180229	119.272095	11.212330
14.190229	119.436523	11.234052
14.200230	119.600922	11.256001
14.210230	119.765282	11.278177
14.220230	119.929604	11.300584
14.230230	120.093880	11.323221
14.240231	120.258102	11.346090
14.250231	120.422272	11.369192
14.260231	120.586388	11.392528
14.270231	120.750443	11.416099
14.280231	120.914436	11.439906
14.290232	121.078362	11.463951
14.300232	121.242218	11.488235
14.310232	121.405998	11.512758
14.320232	121.569702	11.537523
14.330233	121.733322	11.562531
14.340233	121.896858	11.587782
14.350233	122.060303	11.613278
14.360233	122.223656	11.639021
14.370234	122.386909	11.665011
14.380234	122.550064	11.691251
14.390234	122.713112	11.717740
14.400234	122.876045	11.744481
14.410234	123.038864	11.771475
14.420235	123.201569	11.798722
14.430235	123.364151	11.826225
14.440235	123.526604	11.853985
14.450235	123.688927	11.882003
14.460236	123.851112	11.910280
14.470236	124.013161	11.938818
14.480236	124.175064	11.967618
14.490236	124.336823	11.996682
14.500237	124.498421	12.026011
14.510237	124.659866	12.055607
14.520237	124.821152	12.085470
14.530237	124.982269	12.115602
14.540237	125.143219	12.146006
14.550238	125.303993	12.176681
14.560238	125.464584	12.207629
14.570238	125.624992	12.238853
14.580238	125.785210	12.270354
14.590239	125.945229	12.302133
14.600239	126.105049	12.334190
14.610239	126.264671	12.366529
14.620239	126.424080	12.399151
14.630239	126.583275	12.432056
14.640240	126.742256	12.465248
14.650240	126.901009	12.498727
14.660240	127.059540	12.532495
14.670240	127.217834	12.566552
14.680241	127.375893	12.600902
14.690241	127.533707	12.635545
14.700241	127.691269	12.670483
14.710241	127.848579	12.705717
14.720242	128.005630	12.741250
14.730242	128.162415	12.777082
14.740242	128.318924	12.813217
14.750242	128.475159	12.849654
14.760242	128.631119	12.886396
14.770243	128.786789	12.923445
14.780243	128.942169	12.960801
14.790243	129.097260	12.998467
14.800243	129.252045	13.036446
14.810244	129.406525	13.074737
14.820244	129.560684	13.113342
14.830244	129.714523	13.152265
14.840244	129.868042	13.191505
14.850245	130.021225	13.231066
14.860245	130.174072	13.270948
14.870245	130.326584	13.311154
14.880245	130.478745	13.351686
14.890245	130.630554	13.392544
14.900246	130.781998	13.433730
14.910246	130.933075	13.475247
14.920246	131.083786	13.517097
14.930246	131.234116	13.559280
14.940247	131.384064	13.601800
14.950247	131.533615	13.644657
14.960247	131.682770	13.687854
14.970247	131.831528	13.731392
14.980247	131.979874	13.775273
14.990248	132.127808	13.819499
15.000248	132.275314	13.864072
15.010248	132.422394	13.908993
15.020248	132.569046	13.954265
15.030249	132.715256	13.999888
15.040249	132.861023	14.045867
15.050249	133.006332	14.092201
15.060249	133.151184	14.138894
15.070250	133.295563	14.185946
15.080250	133.439468	14.233360
15.090250	133.582901	14.281138
15.100250	133.725845	14.329282
15.110250	133.868286	14.377792
15.120251	134.010239	14.426673
15.130251	134.151672	14.475924
15.140251	134.292603	14.525549
15.150251	134.432999	14.575549
15.160252	134.572876	14.625926
15.170252	134.712219	14.676682
15.180252	134.851013	14.727818
15.190252	134.989258	14.779338
15.200253	135.126953	14.831243
15.210253	135.264084	14.883533
15.220253	135.400635	14.936213
15.230253	135.536606	14.989285
15.240253	135.671997	15.042748
15.250254	135.806793	15.096606
15.260254	135.940979	15.150861
15.270254	136.074570	15.205514
15.280254	136.207535	15.260568
15.290255	136.339874	15.316024
15.300255	136.471588	15.371884
15.310255	136.602661	15.428151
15.320255	136.733093	15.484827
15.330256	136.862869	15.541913
15.340256	136.991989	15.599412
15.350256	137.120438	15.657325
15.360256	137.248199	15.715654
15.370256	137.375275	15.774402
15.380257	137.501663	15.833570
15.390257	137.627350	15.893160
15.400257	137.752335	15.953174
15.410257	137.876602	16.013615
15.420258	138.000137	16.074484
15.430258	138.122940	16.135782
15.440258	138.245010	16.197514
15.450258	138.366318	16.259678
15.460258	138.486877	16.322279
15.470259	138.606674	16.385317
15.480259	138.725693	16.448795
15.490259	138.843933	16.512716
15.500259	138.961380	16.577080
15.510260	139.078018	16.641890
15.520260	139.193863	16.707148
15.530260	139.308884	16.772854
15.540260	139.423080	16.839012
15.550261	139.536453	16.905624
15.560261	139.648972	16.972691
15.570261	139.760651	17.040215
15.580261	139.871460	17.108198
15.590261	139.981415	17.176641
15.600262	140.090485	17.245548
15.610262	140.198669	17.314919
15.620262	140.305969	17.384756
15.630262	140.412369	17.455061
15.640263	140.517853	17.525837
15.650263	140.622421	17.597084
15.660263	140.726059	17.668804
15.670263	140.828751	17.741001
15.680264	140.930496	17.813675
15.690264	141.031296	17.886827
15.700264	141.131134	17.960461
15.710264	141.229996	18.034576
15.720264	141.327881	18.109175
15.730265	141.424774	18.184259
15.740265	141.520660	18.259830
15.750265	141.615540	18.335892
15.760265	141.709396	18.412443
15.770266	141.802231	18.489487
15.780266	141.894028	18.567024
15.790266	141.984787	18.645058
15.800266	142.074493	18.723587
15.810266	142.163132	18.802614
15.820267	142.250702	18.882143
15.830267	142.337189	18.962172
15.840267	142.422577	19.042704
15.850267	142.506866	19.123739
15.860268	142.590057	19.205282
15.870268	142.672119	19.287331
15.880268	142.753052	19.369888
15.890268	142.832855	19.452955
15.900269	142.911514	19.536533
15.910269	142.989014	19.620625
15.920269	143.065353	19.705229
15.930269	143.140518	19.790348
15.940269	143.214493	19.875982
15.950270	143.287277	19.962133
15.960270	143.358856	20.048803
15.970270	143.429230	20.135992
15.980270	143.498383	20.223701
15.990271	143.566299	20.311932
16.000271	143.632980	20.400684
16.010271	143.698410	20.489960
16.020271	143.762589	20.579760
16.030272	143.825500	20.670084
16.040272	143.887131	20.760935
16.050272	143.947479	20.852312
16.060272	144.006531	20.944216
16.070272	144.064285	21.036648
16.080273	144.120728	21.129608
16.090273	144.175842	21.223099
16.100273	144.229630	21.317118
16.110273	144.282074	21.411667
16.120274	144.333176	21.506748
16.130274	144.382919	21.602360
16.140274	144.431290	21.698503
16.150274	144.478287	21.795179
16.160275	144.523895	21.892387
16.170275	144.568115	21.990128
16.180275	144.610931	22.088400
16.190275	144.652328	22.187204
16.200275	144.692307	22.286541
16.210276	144.730850	22.386412
16.220276	144.767960	22.486814
16.230276	144.803619	22.587749
16.240276	144.837814	22.689217
16.250277	144.870544	22.791216
16.260277	144.901810	22.893747
16.270277	144.931580	22.996811
16.280277	144.959869	23.100405
16.290277	144.986649	23.204529
16.300278	145.011917	23.309183
16.310278	145.035675	23.414368
16.320278	145.057907	23.520081
16.330278	145.078613	23.626322
16.340279	145.097763	23.733089
16.350279	145.115372	23.840384
16.360279	145.131424	23.948202
16.370279	145.145905	24.056545
16.380280	145.158813	24.165413
16.390280	145.170135	24.274801
16.400280	145.179871	24.384710
16.410280	145.188004	24.495140
16.420280	145.194534	24.606087
16.430281	145.199448	24.717550
16.440281	145.202744	24.829529
16.450281	145.204407	24.942022
16.460281	145.204422	25.055027
16.470282	145.202805	25.168541
16.480282	145.199524	25.282564
16.490282	145.194595	25.397093
16.500282	145.187988	25.512125
16.510283	145.179718	25.627659
16.520283	145.169769	25.743694
16.530283	145.158127	25.860226
16.540283	145.144791	25.977253
16.550283	145.129761	26.094772
16.560284	145.113022	26.212782
16.570284	145.094559	26.331280
16.580284	145.074387	26.450262
16.590284	145.052490	26.569725
16.600285	145.028854	26.689667
16.610285	145.003479	26.810085
16.620285	144.976364	26.930975
16.630285	144.947495	27.052336
16.640285	144.916870	27.174162
16.650286	144.884476	27.296450
16.660286	144.850327	27.419197
16.670286	144.814392	27.542400
16.680286	144.776688	27.666056
16.690287	144.737198	27.790159
16.700287	144.695923	27.914705
16.710287	144.652847	28.039692
16.720287	144.607971	28.165113
16.730288	144.561295	28.290968
16.740288	144.512817	28.417250
16.750288	144.462524	28.543953
16.760288	144.410416	28.671074
16.770288	144.356491	28.798609
16.780289	144.300751	28.926554
16.790289	144.243179	29.054901
16.800289	144.183777	29.183647
16.810289	144.122543	29.312788
16.820290	144.059464	29.442316
16.830290	143.994553	29.572227
16.840290	143.927795	29.702517
16.850290	143.859192	29.833178
16.860291	143.788742	29.964205
16.870291	143.716431	30.095594
16.880291	143.642273	30.227339
16.890291	143.566254	30.359430
16.900291	143.488388	30.491865
16.910292	143.408661	30.624636
16.920292	143.327072	30.757736
16.930292	143.243622	30.891161
16.940292	143.158310	31.024902
16.950293	143.071121	31.158955
16.960293	142.982071	31.293310
16.970293	142.891159	31.427963
16.980293	142.798370	31.562904
16.990294	142.703720	31.698128
17.000294	142.607208	31.833628
17.010294	142.508820	31.969395
17.020294	142.408569	32.105423
17.030294	142.306442	32.241703
17.040295	142.202454	32.378227
17.050295	142.096603	32.514988
17.060295	141.988892	32.651978
17.070295	141.879303	32.789188
17.080296	141.767853	32.926613
17.090296	141.654556	33.064240
17.100296	141.539398	33.202065
17.110296	141.422379	33.340076
17.120296	141.303497	33.478268
17.130297	141.182770	33.616627
17.140297	141.060196	33.755150
17.150297	140.935776	33.893826
17.160297	140.809509	34.032642
17.170298	140.681396	34.171593
17.180298	140.551453	34.310669
17.190298	140.419678	34.449860
17.200298	140.286072	34.589157
17.210299	140.150635	34.728550
17.220299	140.013382	34.868031
17.230299	139.874313	35.007587
17.240299	139.733429	35.147209
17.250299	139.590729	35.286888
17.260300	139.446228	35.426613
17.270300	139.299942	35.566376
17.280300	139.151855	35.706161
17.290300	139.001984	35.845963
17.300301	138.850327	35.985771
17.310301	138.696899	36.125572
17.320301	138.541702	36.265358
17.330301	138.384750	36.405117
17.340302	138.226044	36.544838
17.350302	138.065598	36.684509
17.360302	137.903412	36.824120
17.370302	137.739487	36.963657
17.380302	137.573837	37.103111
17.390303	137.406479	37.242474
17.400303	137.237411	37.381729
17.410303	137.066635	37.520870
17.420303	136.894165	37.659882
17.430304	136.720016	37.798752
17.440304	136.544189	37.937469
17.450304	136.366699	38.076027
17.460304	136.187561	38.214409
17.470304	136.006775	38.352600
17.480305	135.824356	38.490593
17.490305	135.640305	38.628376
17.500305	135.454636	38.765934
17.510305	135.267365	38.903259
17.520306	135.078506	39.040337
17.530306	134.888062	39.177151
17.540306	134.696045	39.313694
17.550306	134.502472	39.449951
17.560307	134.307343	39.585911
17.570307	134.110672	39.721561
17.580307	133.912476	39.856892
17.590307	133.712769	39.991886
17.600307	133.511566	40.126534
17.610308	133.308868	40.260822
17.620308	133.104691	40.394737
17.630308	132.899048	40.528267
17.640308	132.691956	40.661400
17.650309	132.483429	40.794121
17.660309	132.273468	40.926422
17.670309	132.062103	41.058285
17.680309	131.849335	41.189701
17.690310	131.635178	41.320656
17.700310	131.419662	41.451134
17.710310	131.202789	41.581127
17.720310	130.984573	41.710621
17.730310	130.765030	41.839600
17.740311	130.544174	41.968056
17.750311	130.322021	42.095974
17.760311	130.098587	42.223339
17.770311	129.873886	42.350140
17.780312	129.647934	42.476364
17.790312	129.420746	42.602001
17.800312	129.192337	42.727036
17.810312	128.962723	42.851456
17.820312	128.731918	42.975250
17.830313	128.499939	43.098404
17.840313	128.266800	43.220905
17.850313	128.032516	43.342743
17.860313	127.797112	43.463902
17.870314	127.560600	43.584373
17.880314	127.322990	43.704140
17.890314	127.084312	43.823193
17.900314	126.844574	43.941521
17.910315	126.603790	44.059109
17.920315	126.361984	44.175945
17.930315	126.119171	44.292019
17.940315	125.875366	44.407314
17.950315	125.630592	44.521824
17.960316	125.384865	44.635532
17.970316	125.138199	44.748432
17.980316	124.890617	44.860508
17.990316	124.642128	44.971748
18.000317	124.392754	45.082142
18.010317	124.142517	45.191677
18.020317	123.891434	45.300346
18.030317	123.639519	45.408134
18.040318	123.386787	45.515030
18.050318	123.133263	45.621021
18.060318	122.878967	45.726097
18.070318	122.623909	45.830250
18.080318	122.368111	45.933464
18.090319	122.111595	46.035732
18.100319	121.854378	46.137043
18.110319	121.596474	46.237389
18.120319	121.337906	46.336754
18.130320	121.078690	46.435131
18.140320	120.818848	46.532509
18.150320	120.558395	46.628880
18.160320	120.297348	46.724232
18.170321	120.035728	46.818554
18.180321	119.773552	46.911839
18.190321	119.510841	47.004074
18.200321	119.247612	47.095253
18.210321	118.983887	47.185364
18.220322	118.719681	47.274399
18.230322	118.455009	47.362350
18.240322	118.189896	47.449211
18.250322	117.924362	47.534969
18.260323	117.658417	47.619617
18.270323	117.392090	47.703144
18.280323	117.125389	47.785545
18.290323	116.858337	47.866810
18.300323	116.590958	47.946934
18.310324	116.323265	48.025906
18.320324	116.055275	48.103718
18.330324	115.787010	48.180367
18.340324	115.518486	48.255840
18.350325	115.249718	48.330135
18.360325	114.980728	48.403244
18.370325	114.711540	48.475159
18.380325	114.442162	48.545872
18.390326	114.172615	48.615379
18.400326	113.902924	48.683674
18.410326	113.633095	48.750748
18.420326	113.363152	48.816597
18.430326	113.093117	48.881214
18.440327	112.822998	48.944595
18.450327	112.552818	49.006737
18.460327	112.282600	49.067631
18.470327	112.012352	49.127274
18.480328	111.742096	49.185658
18.490328	111.471848	49.242779
18.500328	111.201622	49.298637
18.510328	110.931442	49.353226
18.520329	110.661324	49.406540
18.530329	110.391281	49.458572
18.540329	110.121330	49.509323
18.550329	109.851486	49.558788
18.560329	109.581772	49.606968
18.570330	109.312195	49.653854
18.580330	109.042778	49.699444
18.590330	108.773537	49.743736
18.600330	108.504486	49.786728
18.610331	108.235641	49.828419
18.620331	107.967026	49.868801
18.630331	107.698647	49.907879
18.640331	107.430519	49.945644
18.650331	107.162666	49.982101
18.660332	106.895096	50.017246
18.670332	106.627823	50.051075
18.680332	106.360870	50.083591
18.690332	106.094246	50.114792
18.700333	105.827965	50.144676
18.710333	105.562050	50.173241
18.720333	105.296509	50.200489
18.730333	105.031357	50.226418
18.740334	104.766602	50.251030
18.750334	104.502266	50.274323
18.760334	104.238365	50.296299
18.770334	103.974907	50.316959
18.780334	103.711906	50.336300
18.790335	103.449379	50.354328
18.800335	103.187332	50.371040
18.810335	102.925789	50.386440
18.820335	102.664757	50.400528
18.830336	102.404243	50.413303
18.840336	102.144272	50.424770
18.850336	101.884850	50.434929
18.860336	101.625992	50.443783
18.870337	101.367706	50.451332
18.880337	101.110008	50.457581
18.890337	100.852905	50.462532
18.900337	100.596413	50.466190
18.910337	100.340546	50.468555
18.920338	100.085312	50.469631
18.930338	99.830719	50.469418
18.940338	99.576782	50.467922
18.950338	99.323517	50.465145
18.960339	99.070930	50.461094
18.970339	98.819031	50.455769
18.980339	98.567833	50.449177
18.990339	98.317345	50.441319
19.000340	98.067574	50.432201
19.010340	97.818535	50.421829
19.020340	97.570236	50.410206
19.030340	97.322685	50.397335
19.040340	97.075890	50.383221
19.050341	96.829865	50.367870
19.060341	96.584618	50.351288
19.070341	96.340157	50.333477
19.080341	96.096497	50.314445
19.090342	95.853638	50.294197
19.100342	95.611595	50.272739
19.110342	95.370369	50.250076
19.120342	95.129974	50.226215
19.130342	94.890419	50.201160
19.140343	94.651711	50.174915
19.150343	94.413857	50.147491
19.160343	94.176865	50.118893
19.170343	93.940735	50.089123
19.180344	93.705482	50.058193
19.190344	93.471115	50.026108
19.200344	93.237640	49.992874
19.210344	93.005066	49.958496
19.220345	92.773392	49.922985
19.230345	92.542633	49.886345
19.240345	92.312790	49.848583
19.250345	92.083870	49.809708
19.260345	91.855881	49.769726
19.270346	91.628822	49.728645
19.280346	91.402710	49.686470
19.290346	91.177544	49.643211
19.300346	90.953331	49.598877
19.310347	90.730080	49.553474
19.320347	90.507790	49.507008
19.330347	90.286469	49.459488
19.340347	90.066124	49.410923
19.350348	89.846756	49.361320
19.360348	89.628372	49.310688
19.370348	89.410973	49.259037
19.380348	89.194565	49.206371
19.390348	88.979156	49.152702
19.400349	88.764748	49.098034
19.410349	88.551346	49.042377
19.420349	88.338951	48.985741
19.430349	88.127571	48.928135
19.440350	87.917206	48.869564
19.450350	87.707863	48.810040
19.460350	87.499542	48.749569
19.470350	87.292252	48.688164
19.480350	87.085991	48.625828
19.490351	86.880760	48.562572
19.500351	86.676567	48.498409
19.510351	86.473412	48.433342
19.520351	86.271294	48.367382
19.530352	86.070221	48.300541
19.540352	85.870193	48.232822
19.550352	85.671219	48.164238
19.560352	85.473297	48.094799
19.570353	85.276428	48.024509
19.580353	85.080612	47.953381
19.590353	84.885849	47.881424
19.600353	84.692146	47.808647
19.610353	84.499504	47.735058
19.620354	84.307922	47.660667
19.630354	84.117409	47.585484
19.640354	83.927956	47.509514
19.650354	83.739571	47.432770
19.660355	83.552254	47.355259
19.670355	83.366005	47.276993
19.680355	83.180824	47.197979
19.690355	82.996712	47.118229
19.700356	82.813675	47.037750
19.710356	82.631706	46.956551
19.720356	82.450813	46.874641
19.730356	82.270988	46.792030
19.740356	82.092239	46.708729
19.750357	81.914566	46.624744
19.760357	81.737968	46.540085
19.770357	81.562439	46.454762
19.780357	81.387985	46.368786
19.790358	81.214607	46.282162
19.800358	81.042305	46.194901
19.810358	80.871071	46.107014
19.820358	80.700912	46.018509
19.830359	80.531830	45.929394
19.840359	80.363815	45.839680
19.850359	80.196877	45.749374
19.860359	80.031006	45.658485
19.870359	79.866211	45.567024
19.880360	79.702484	45.474998
19.890360	79.539825	45.382420
19.900360	79.378235	45.289295
19.910360	79.217712	45.195633
19.920361	79.058258	45.101444
19.930361	78.899872	45.006737
19.940361	78.742554	44.911518
19.950361	78.586296	44.815800
19.960361	78.431099	44.719589
19.970362	78.276970	44.622894
19.980362	78.123901	44.525723
19.990362	77.971886	44.428085
