6.000042	12.609545	20.788725	39.698238
6.010043	13.438435	21.846380	40.835087
6.020043	14.284350	22.805008	42.162071
6.030043	15.134014	23.618000	43.676567
6.040043	15.970753	24.234203	45.366714
6.050044	16.774523	24.600702	47.209358
6.060044	17.522251	24.666883	49.168560
6.070044	18.188599	24.389627	51.195202
6.080044	18.747160	23.739151	53.228195
6.090044	19.172115	22.704634	55.197605
6.100045	19.440187	21.298532	57.029671
6.110045	19.532707	19.558437	58.653297
6.120045	19.437513	17.545633	60.007015
6.130045	19.150352	15.340200	61.045242
6.140046	18.675554	13.033281	61.742584
6.150046	18.025822	10.717878	62.095371
6.160046	17.221176	8.479877	62.120239
6.170046	16.287230	6.390853	61.850231
6.180047	15.253075	4.503639	61.329399
6.190047	14.149086	2.850926	60.607040
6.200047	13.004939	1.446473	59.732513
6.210047	11.848015	0.288132	58.751328
6.220047	10.702291	-0.638243	57.702648
6.230048	9.587722	-1.354772	56.618217
6.240048	8.520031	-1.887966	55.522297
6.250048	7.510845	-2.265856	54.432377
6.260048	6.568037	-2.515914	53.360229
6.270049	5.696205	-2.663696	52.313099
6.280049	4.897207	-2.732071	51.294846
6.290049	4.170692	-2.740902	50.306934
6.300049	3.514601	-2.707019	49.349243
6.310050	2.925607	-2.644389	48.420673
6.320050	2.399500	-2.564389	47.519611
6.330050	1.931496	-2.476130	46.644226
6.340050	1.516498	-2.386788	45.792675
6.350050	1.149289	-2.301924	44.963226
6.360051	0.824684	-2.225780	44.154324
6.370051	0.537642	-2.161536	43.364609
6.380051	0.283339	-2.111545	42.592934
6.390051	0.057217	-2.077532	41.838337
6.400052	-0.144986	-2.060757	41.100033
6.410052	-0.327235	-2.062165	40.377396
6.420052	-0.493195	-2.082504	39.669930
6.430052	-0.646246	-2.122421	38.977264
6.440053	-0.789512	-2.182553	38.299137
6.450053	-0.925878	-2.263597	37.635384
6.460053	-1.058030	-2.366365	36.985935
6.470053	-1.188480	-2.491843	36.350822
6.480053	-1.319609	-2.641231	35.730175
6.490054	-1.453696	-2.815988	35.124237
6.500054	-1.592954	-3.017868	34.533375
6.510054	-1.739571	-3.248955	33.958107
6.520054	-1.895742	-3.511703	33.399120
6.530055	-2.063705	-3.808968	32.857315
6.540055	-2.245779	-4.144045	32.333843
6.550055	-2.444397	-4.520703	31.830172
6.560055	-2.662145	-4.943217	31.348143
6.570055	-2.901793	-5.416399	30.890066
6.580056	-3.166333	-5.945624	30.458824
6.590056	-3.459013	-6.536838	30.058002
6.600056	-3.783361	-7.196556	29.692051
6.610056	-4.143219	-7.931828	29.366472
6.620057	-4.542752	-8.750163	29.088060
6.630057	-4.986461	-9.659391	28.865175
6.640057	-5.479168	-10.667441	28.708063
6.650057	-6.025978	-11.781995	28.629227
6.660058	-6.632207	-13.009974	28.643822
6.670058	-7.303251	-14.356809	28.770088
6.680058	-8.044392	-15.825409	29.029737
6.690058	-8.860498	-17.414780	29.448273
6.700058	-9.755610	-19.118191	30.055099
6.710059	-10.732359	-20.920858	30.883293
6.720059	-11.791203	-22.797138	31.968792
6.730059	-12.929446	-24.707327	33.348713
6.740059	-14.140045	-26.594383	35.058472
6.750060	-15.410234	-28.381113	37.127377
6.760060	-16.720081	-29.968758	39.572487
6.770060	-18.041174	-31.238277	42.390881
6.780060	-19.335751	-32.055870	45.551102
6.790061	-20.556709	-32.284058	48.985287
6.800061	-21.648952	-31.798830	52.584476
6.810061	-22.552481	-30.511471	56.199997
6.820061	-23.207302	-28.391222	59.653416
6.830061	-23.559814	-25.482737	62.755619
6.840062	-23.569666	-21.911652	65.332535
6.850062	-23.215734	-17.873930	67.251831
6.860062	-22.499754	-13.609540	68.443329
6.870062	-21.446619	-9.366728	68.907249
6.880063	-20.101255	-5.366511	68.708298
6.890063	-18.522818	-1.776452	67.958260
6.900063	-16.777634	1.301337	66.793114
6.910063	-14.932356	3.828253	65.351013
6.920063	-13.048424	5.817460	63.755733
6.930064	-11.178408	7.317772	62.107265
6.940064	-9.364227	8.397778	60.478985
6.950064	-7.636919	9.132948	58.919434
6.960064	-6.017459	9.596721	57.456642
6.970065	-4.518173	9.855279	56.103226
6.980065	-3.144377	9.965196	54.861198
6.990065	-1.895982	9.973001	53.725960
7.000065	-0.768938	9.915857	52.689293
7.010066	0.243559	9.822762	51.741482
7.020066	1.150089	9.715904	50.872665
7.030066	1.960256	9.611973	50.073669
7.040066	2.684124	9.523299	49.336430
7.050066	3.331802	9.458822	48.654179
7.060067	3.913162	9.424868	48.021461
7.070067	4.437635	9.425767	47.434071
7.080067	4.914094	9.464334	46.888939
7.090067	5.350778	9.542235	46.383999
7.100068	5.755255	9.660269	45.918072
7.110068	6.134418	9.818561	45.490746
7.120068	6.494487	10.016714	45.102276
7.130068	6.841033	10.253901	44.753494
7.140069	7.178998	10.528915	44.445744
7.150069	7.512724	10.840195	44.180809
7.160069	7.845970	11.185803	43.960854
7.170069	8.181933	11.563398	43.788376
7.180069	8.523265	11.970169	43.666142
7.190070	8.872067	12.402761	43.597115
7.200070	9.229894	12.857180	43.584385
7.210070	9.597733	13.328695	43.631062
7.220070	9.975992	13.811737	43.740154
7.230071	10.364463	14.299799	43.914421
7.240071	10.762289	14.785364	44.156197
7.250071	11.167931	15.259858	44.467171
7.260071	11.579126	15.713654	44.848145
7.270072	11.992868	16.136137	45.298775
7.280072	12.405384	16.515863	45.817287
7.290072	12.812141	16.840799	46.400208
7.300072	13.207884	17.098692	47.042103
7.310072	13.586700	17.277536	47.735397
7.320073	13.942139	17.366159	48.470272
7.330073	14.267368	17.354876	49.234680
7.340073	14.555391	17.236187	50.014526
7.350073	14.799300	17.005465	50.794003
7.360074	14.992569	16.661537	51.556122
7.370074	15.129369	16.207117	52.283390
7.380074	15.204880	15.648991	52.958603
7.390074	15.215580	14.997927	53.565678
7.400074	15.159482	14.268283	54.090481
7.410075	15.036296	13.477324	54.521538
7.420075	14.847502	12.644316	54.850555
7.430075	14.596319	11.789472	55.072712
7.440075	14.287581	10.932874	55.186695
7.450076	13.927520	10.093461	55.194496
7.460076	13.523479	9.288177	55.100994
7.470076	13.083594	8.531348	54.913387
7.480076	12.616444	7.834317	54.640572
7.490077	12.130718	7.205324	54.292480
7.500077	11.634921	6.649611	53.879501
7.510077	11.137111	6.169695	53.411968
7.520077	10.644706	5.765765	52.899773
7.530077	10.164343	5.436124	52.352081
7.540078	9.701796	5.177663	51.777180
7.550078	9.261946	4.986301	51.182396
7.560078	8.848790	4.857381	50.574104
7.570078	8.465493	4.786008	49.957779
7.580079	8.114450	4.767320	49.338097
7.590079	7.797379	4.796696	48.719032
7.600079	7.515412	4.869902	48.103977
7.610079	7.269195	4.983195	47.495869
7.620080	7.058980	5.133376	46.897282
7.630080	6.884723	5.317816	46.310532
7.640080	6.746158	5.534452	45.737770
7.650080	6.642875	5.781771	45.181053
7.660080	6.574385	6.058767	44.642418
7.670081	6.540173	6.364900	44.123940
7.680081	6.539739	6.700042	43.627792
7.690081	6.572639	7.064415	43.156300
7.700081	6.638504	7.458524	42.711983
7.710082	6.737060	7.883085	42.297600
7.720082	6.868132	8.338944	41.916210
7.730082	7.031645	8.826987	41.571201
7.740082	7.227615	9.348035	41.266335
7.750082	7.456122	9.902725	41.005787
7.760083	7.717286	10.491374	40.794182
7.770083	8.011223	11.113818	40.636600
7.780083	8.337989	11.769225	40.538597
7.790083	8.697515	12.455882	40.506176
7.800084	9.089522	13.170951	40.545738
7.810084	9.513420	13.910201	40.663986
7.820084	9.968192	14.667720	40.867775
7.830084	10.452261	15.435613	41.163895
7.840085	10.963340	16.203720	41.558746
7.850085	11.498271	16.959372	42.057957
7.860085	12.052865	17.687222	42.665848
7.870085	12.621740	18.369225	43.384830
7.880085	13.198187	18.984797	44.214695
7.890086	13.774073	19.511246	45.151863
7.900086	14.339812	19.924513	46.188641
7.910086	14.884429	20.200283	47.312576
7.920086	15.395732	20.315445	48.506042
7.930087	15.860630	20.249857	49.746147
7.940087	16.265596	19.988295	51.005104
7.950087	16.597265	19.522362	52.251156
7.960087	16.843153	18.852123	53.450050
7.970088	16.992424	17.987152	54.567005
7.980088	17.036657	16.946774	55.568974
7.990088	16.970510	15.759327	56.426975
8.000088	16.792204	14.460474	57.118141
8.010088	16.503763	13.090704	57.627232
8.020088	16.110968	11.692367	57.947384
8.030088	15.623030	10.306631	58.080013
8.040089	15.052019	8.970768	58.033962
8.050089	14.412119	7.716063	57.824043
8.060089	13.718790	6.566552	57.469238
8.070089	12.987939	5.538590	56.990845
8.080090	12.235155	4.641152	56.410763
8.090090	11.475080	3.876692	55.750126
8.100090	10.720934	3.242321	55.028282
8.110090	9.984204	2.731127	54.262207
8.120090	9.274490	2.333459	53.466232
8.130091	8.599482	2.038077	52.652050
8.140091	7.965030	1.833094	51.828918
8.150091	7.375304	1.706716	51.003948
8.160091	6.832979	1.647770	50.182461
8.170092	6.339462	1.646051	49.368328
8.180092	5.895110	1.692528	48.564304
8.190092	5.499447	1.779438	47.772305
8.200092	5.151368	1.900296	46.993645
8.210093	4.849314	2.049852	46.229225
8.220093	4.591434	2.224015	45.479683
8.230093	4.375713	2.419758	44.745506
8.240093	4.200089	2.635012	44.027115
8.250093	4.062541	2.868568	43.324924
8.260094	3.961161	3.119974	42.639397
8.270094	3.894213	3.389452	41.971085
8.280094	3.860178	3.677819	41.320652
8.290094	3.857785	3.986418	40.688911
8.300095	3.886031	4.317063	40.076859
8.310095	3.944206	4.671990	39.485699
8.320095	4.031896	5.053819	38.916893
8.330095	4.148995	5.465513	38.372192
8.340096	4.295702	5.910353	37.853695
8.350096	4.472523	6.391899	37.363914
8.360096	4.680267	6.913950	36.905849
8.370096	4.920036	7.480500	36.483059
8.380096	5.193215	8.095667	36.099777
8.390097	5.501447	8.763605	35.761009
8.400097	5.846614	9.488379	35.472664
8.410097	6.230790	10.273793	35.241688
8.420097	6.656191	11.123162	35.076199
8.430098	7.125101	12.039002	34.985630
8.440098	7.639768	13.022632	34.980850
8.450098	8.202269	14.073652	35.074242
8.460098	8.814333	15.189308	35.279732
8.470098	9.477114	16.363691	35.612690
8.480099	10.190898	17.586817	36.089691
8.490099	10.954749	18.843567	36.728027
8.500099	11.766083	20.112581	37.544903
8.510099	12.620179	21.365187	38.556259
8.520100	13.509647	22.564541	39.775105
8.530100	14.423883	23.665260	41.209362
8.540100	15.348581	24.613838	42.859253
8.550100	16.265387	25.350235	44.714420
8.560101	17.151806	25.810995	46.751122
8.570101	17.981504	25.934082	48.930027
8.580101	18.725119	25.665337	51.195328
8.590101	19.351650	24.965984	53.475830
8.600101	19.830446	23.820112	55.688625
8.610102	20.133633	22.240591	57.745358
8.620102	20.238733	20.271793	59.560528
8.630102	20.131079	17.987928	61.060593
8.640102	19.805611	15.486653	62.192104
8.650103	19.267710	12.878876	62.927189
8.660103	18.532888	10.276677	63.265259
8.670103	17.625374	7.781754	63.230721
8.680103	16.575853	5.476505	62.867466
8.690104	15.418766	3.419009	62.231598
8.700104	14.189579	1.642073	61.383930
8.710104	12.922389	0.155591	60.383598
8.720104	11.648082	-1.049002	59.283482
8.730104	10.393137	-1.993440	58.127617
8.740105	9.179041	-2.707512	56.950367
8.750105	8.022207	-3.224751	55.776852
8.760105	6.934264	-3.579168	54.624157
8.770105	5.922575	-3.803041	53.502876
8.780106	4.990875	-3.925607	52.418678
8.790106	4.139937	-3.972439	51.373726
8.800106	3.368213	-3.965298	50.367851
8.810106	2.672406	-3.922299	49.399464
8.820107	2.047976	-3.858241	48.466221
8.830107	1.489545	-3.785024	47.565479
8.840107	0.991237	-3.712080	46.694614
8.850107	0.546939	-3.646792	45.851181
8.860107	0.150500	-3.594878	45.033028
8.870108	-0.204125	-3.560734	44.238327
8.880108	-0.522772	-3.547730	43.465591
8.890108	-0.811006	-3.558468	42.713646
8.900108	-1.074080	-3.594997	41.981625
8.910109	-1.316925	-3.658998	41.268929
8.920109	-1.544150	-3.751935	40.575218
8.930109	-1.760060	-3.875185	39.900387
8.940109	-1.968684	-4.030145	39.244564
8.950109	-2.173803	-4.218316	38.608101
8.960110	-2.378989	-4.441383	37.991592
8.970110	-2.587648	-4.701269	37.395885
8.980110	-2.803057	-5.000187	36.822121
8.990110	-3.028407	-5.340679	36.271755
9.000111	-3.266845	-5.725641	35.746632
9.010111	-3.521511	-6.158342	35.249023
9.020111	-3.795577	-6.642428	34.781738
9.030111	-4.092275	-7.181908	34.348198
9.040112	-4.414929	-7.781118	33.952560
9.050112	-4.766970	-8.444662	33.599857
9.060112	-5.151949	-9.177302	33.296154
9.070112	-5.573534	-9.983808	33.048725
9.080112	-6.035485	-10.868729	32.866261
9.090113	-6.541614	-11.836079	32.759064
9.100113	-7.095704	-12.888903	32.739285
9.110113	-7.701395	-14.028694	32.821098
9.120113	-8.362014	-15.254638	33.020859
9.130114	-9.080337	-16.562635	33.357136
9.140114	-9.858271	-17.944111	33.850594
9.150114	-10.696446	-19.384571	34.523609
9.160114	-11.593694	-20.861990	35.399483
9.170115	-12.546418	-22.345095	36.501152
9.180115	-13.547872	-23.791777	37.849220
9.190115	-14.587369	-25.147953	39.459202
9.200115	-15.649508	-26.347349	41.337971
9.210115	-16.713516	-27.312828	43.479546
9.220116	-17.752901	-27.959885	45.860668
9.230116	-18.735575	-28.202862	48.436905
9.240116	-19.624708	-27.963938	51.140358
9.250116	-20.380466	-27.184282	53.880287
9.260117	-20.962658	-25.835762	56.547634
9.270117	-21.334175	-23.930716	59.023914
9.280117	-21.464798	-21.526937	61.193638
9.290117	-21.334791	-18.725597	62.958248
9.300117	-20.937571	-15.661442	64.248642
9.310118	-20.280895	-12.486802	65.033272
9.320118	-19.386272	-9.352848	65.319954
9.330118	-18.286701	-6.392294	65.151268
9.340118	-17.023203	-3.707030	64.595085
9.350119	-15.640836	-1.362420	63.732914
9.360119	-14.184853	0.611992	62.648731
9.370119	-12.697521	2.217093	61.420204
9.380119	-11.215885	3.476376	60.113171
9.390120	-9.770507	4.427722	58.779263
9.400120	-8.385069	5.116195	57.455997
9.410120	-7.076616	5.588496	56.168404
9.420120	-5.856219	5.889223	54.931389
9.430120	-4.729855	6.058666	53.752270
9.440121	-3.699350	6.131801	52.633045
9.450121	-2.763300	6.138086	51.572296
9.460121	-1.917881	6.101752	50.566628
9.470121	-1.157560	6.042355	49.611710
9.480122	-0.475663	5.975429	48.702980
9.490122	0.135158	5.913151	47.836098
9.500122	0.682577	5.864961	47.007187
9.510122	1.174329	5.838107	46.212967
9.520123	1.618015	5.838122	45.450794
9.530123	2.020975	5.869225	44.718658
9.540123	2.390202	5.934650	44.015144
9.550123	2.732296	6.036925	43.339397
9.560123	3.053447	6.178087	42.691078
9.570124	3.359429	6.359867	42.070339
9.580124	3.655627	6.583819	41.477795
9.590124	3.947055	6.851436	40.914513
9.600124	4.238392	7.164212	40.382027
9.610125	4.534018	7.523699	39.882347
9.620125	4.838043	7.931517	39.418003
9.630125	5.154348	8.389350	38.992077
9.640125	5.486602	8.898903	38.608265
9.650126	5.838287	9.461832	38.270943
9.660126	6.212702	10.079633	37.985237
9.670126	6.612961	10.753489	37.757095
9.680126	7.041968	11.484064	37.593361
9.690126	7.502379	12.271242	37.501835
9.700127	7.996530	13.113791	37.491302
9.710127	8.526348	14.008952	37.571533
9.720127	9.093216	14.951963	37.753204
9.730127	9.697810	15.935484	38.047733
9.740128	10.339892	16.948973	38.466991
9.750128	11.018057	17.978025	39.022827
9.760128	11.729447	19.003729	39.726395
9.770128	12.469437	20.002125	40.587231
9.780128	13.231301	20.943890	41.612045
9.790129	14.005911	21.794397	42.803280
9.800129	14.781483	22.514339	44.157444
9.810129	15.543451	23.061090	45.663422
9.820129	16.274527	23.390968	47.300922
9.830130	16.955002	23.462427	49.039417
9.840130	17.563379	23.240055	50.837910
9.850130	18.077337	22.699022	52.645885
9.860130	18.475027	21.829369	54.405666
9.870131	18.736603	20.639359	56.056175
9.880131	18.845850	19.157089	57.537792
9.890131	18.791695	17.429737	58.797672
9.900131	18.569378	15.520267	59.794659
9.910131	18.181099	13.501931	60.502934
9.920132	17.636002	11.451453	60.913757
9.930132	16.949509	9.442035	61.035015
9.940132	16.142094	7.537356	60.888817
9.950132	15.237690	5.787405	60.507732
9.960133	14.261954	4.226502	59.930447
9.970133	13.240612	2.873398	59.197578
9.980133	12.198049	1.732987	58.348225
9.990133	11.156245	0.798995	57.417507
10.000134	10.134093	0.057034	56.435200
10.010134	9.147058	-0.512451	55.425220
10.020134	8.207136	-0.931645	54.405842
10.030134	7.323038	-1.223379	53.390301
10.040134	6.500504	-1.409709	52.387646
10.050135	5.742709	-1.511000	51.403599
10.060135	5.050694	-1.545409	50.441399
10.070135	4.423790	-1.528677	49.502502
10.080135	3.860011	-1.474128	48.587162
10.090136	3.356405	-1.392797	47.694874
10.100136	2.909351	-1.293640	46.824703
10.110136	2.514811	-1.183778	45.975502
10.120136	2.168533	-1.068745	45.146072
10.130136	1.866207	-0.952734	44.335247
10.140137	1.603590	-0.838824	43.541950
10.150137	1.376596	-0.729175	42.765217
10.160137	1.181358	-0.625212	42.004204
10.170137	1.014269	-0.527774	41.258175
10.180138	0.872012	-0.437243	40.526501
10.190138	0.751562	-0.353651	39.808636
10.200138	0.650196	-0.276771	39.104115
10.210138	0.565478	-0.206182	38.412529
10.220139	0.495253	-0.141332	37.733521
10.230139	0.437626	-0.081579	37.066769
10.240139	0.390948	-0.026224	36.411987
10.250139	0.353795	0.025465	35.768921
10.260139	0.324946	0.074235	35.137321
10.270140	0.303372	0.120835	34.516968
10.280140	0.288210	0.166016	33.907650
10.290140	0.278751	0.210524	33.309166
10.300140	0.274424	0.255102	32.721325
10.310141	0.274785	0.300497	32.143944
10.320141	0.279501	0.347465	31.576851
10.330141	0.288346	0.396779	31.019878
10.340141	0.301188	0.449239	30.472868
10.350142	0.317986	0.505685	29.935671
10.360142	0.338787	0.567009	29.408150
10.370142	0.363719	0.634171	28.890177
10.380142	0.392995	0.708215	28.381636
10.390142	0.426911	0.790287	27.882429
10.400143	0.465850	0.881657	27.392477
10.410143	0.510286	0.983740	26.911722
10.420143	0.560792	1.098123	26.440136
10.430143	0.618044	1.226596	25.977726
10.440144	0.682838	1.371180	25.524542
10.450144	0.756098	1.534171	25.080690
10.460144	0.838894	1.718174	24.646349
10.470144	0.932459	1.926158	24.221781
10.480145	1.038210	2.161503	23.807365
10.490145	1.157773	2.428066	23.403625
10.500145	1.293015	2.730247	23.011267
10.510145	1.446070	3.073063	22.631235
10.520145	1.619380	3.462233	22.264780
10.530146	1.815738	3.904272	21.913542
10.540146	2.038332	4.406586	21.579666
10.550146	2.290800	4.977572	21.265945
10.560146	2.577282	5.626727	20.976009
10.570147	2.902486	6.364732	20.714565
10.580147	3.271749	7.203531	20.487705
10.590147	3.691094	8.156359	20.303297
10.600147	4.167294	9.237708	20.171480
10.610147	4.707907	10.463175	20.105288
10.620148	5.321291	11.849128	20.121412
10.630148	6.016579	13.412105	20.241123
10.640148	6.803564	15.167803	20.491352
10.650148	7.692489	17.129488	20.905897
10.660149	8.693655	19.305580	21.526657
10.670149	9.816789	21.696144	22.404720
10.680149	11.070071	24.287973	23.600943
10.690149	12.458706	27.048019	25.185469
10.700150	13.982925	29.915125	27.235308
10.710150	15.635331	32.790520	29.828812
10.720150	17.397593	35.528454	33.035667
10.730150	19.236696	37.929760	36.901241
10.740150	21.101297	39.742931	41.425159
10.750151	22.919147	40.678722	46.536346
10.760151	24.597075	40.443924	52.070446
10.770151	26.025167	38.795750	57.759594
10.780151	27.086395	35.609226	63.246109
10.790152	27.671457	30.938099	68.127487
10.800152	27.696482	25.042433	72.028206
10.810152	27.119085	18.361763	74.678879
10.820152	25.947720	11.433924	75.974274
10.830153	24.240961	4.785833	75.987648
10.840153	22.096954	-1.163989	74.937637
10.850153	19.636564	-6.159953	73.124428
10.860153	16.985422	-10.112864	70.861282
10.870153	14.259190	-13.065706	68.422562
10.880154	11.554310	-15.143832	66.016708
10.890154	8.944275	-16.508141	63.781609
10.900154	6.480114	-17.320910	61.793968
10.910154	4.193398	-17.725964	60.084473
10.920155	2.100285	-17.840384	58.653004
10.930155	0.205581	-17.753712	57.481075
10.940155	-1.493696	-17.531105	56.540787
10.950155	-3.005474	-17.218004	55.800655
10.960155	-4.340515	-16.844908	55.229053
10.970156	-5.510927	-16.431580	54.796062
10.980156	-6.529181	-15.990465	54.474316
10.990156	-7.407511	-15.529308	54.239281
11.000156	-8.157581	-15.053081	54.069256
11.010157	-8.790347	-14.565332	53.945236
11.020157	-9.316031	-14.069094	53.850754
11.030157	-9.744169	-13.567430	53.771706
11.040157	-10.083698	-13.063740	53.696217
11.050158	-10.343046	-12.561852	53.614502
11.060158	-10.530223	-12.065996	53.518742
11.070158	-10.652893	-11.580688	53.402946
11.080158	-10.718426	-11.110556	53.262810
11.090158	-10.733927	-10.660162	53.095543
11.100159	-10.706247	-10.233824	52.899715
11.110159	-10.641978	-9.835457	52.675053
11.120159	-10.547431	-9.468459	52.422264
11.130159	-10.428610	-9.135633	52.142841
11.140160	-10.291184	-8.839143	51.838890
11.150160	-10.140458	-8.580519	51.512962
11.160160	-9.981347	-8.360682	51.167923
11.170160	-9.818358	-8.180006	50.806812
11.180161	-9.655583	-8.038382	50.432762
11.190161	-9.496694	-7.935303	50.048916
11.200161	-9.344948	-7.869951	49.658367
11.210161	-9.203205	-7.841275	49.264141
11.220161	-9.073944	-7.848065	48.869152
11.230162	-8.959289	-7.889025	48.476219
11.240162	-8.861034	-7.962818	48.088051
11.250162	-8.780679	-8.068115	47.707272
11.260162	-8.719453	-8.203624	47.336426
11.270163	-8.678349	-8.368103	46.978008
11.280163	-8.658153	-8.560371	46.634468
11.290163	-8.659461	-8.779301	46.308250
11.300163	-8.682711	-9.023799	46.001797
11.310163	-8.728193	-9.292788	45.717579
11.320164	-8.796070	-9.585163	45.458099
11.330164	-8.886377	-9.899760	45.225910
11.340164	-8.999032	-10.235296	45.023613
11.350164	-9.133830	-10.590316	44.853863
11.360165	-9.290436	-10.963128	44.719349
11.370165	-9.468370	-11.351738	44.622784
11.380165	-9.666993	-11.753773	44.566868
11.390165	-9.885476	-12.166411	44.554245
11.400166	-10.122778	-12.586311	44.587448
11.410166	-10.377609	-13.009541	44.668816
11.420166	-10.648399	-13.431525	44.800404
11.430166	-10.933258	-13.847009	44.983868
11.440166	-11.229942	-14.250033	45.220329
11.450167	-11.535821	-14.633962	45.510239
11.460167	-11.847854	-14.991530	45.853203
11.470167	-12.162571	-15.314959	46.247833
11.480167	-12.476078	-15.596112	46.691582
11.490168	-12.784068	-15.826727	47.180603
11.500168	-13.081867	-15.998699	47.709637
11.510168	-13.364496	-16.104427	48.271969
11.520168	-13.626770	-16.137201	48.859428
11.530169	-13.863421	-16.091614	49.462486
11.540169	-14.069250	-15.963966	50.070435
11.550169	-14.239300	-15.752638	50.671677
11.560169	-14.369044	-15.458374	51.254097
11.570169	-14.454582	-15.084461	51.805504
11.580170	-14.492821	-14.636761	52.314129
11.590170	-14.481638	-14.123576	52.769112
11.600170	-14.420008	-13.555366	53.160976
11.610170	-14.308082	-12.944301	53.482029
11.620171	-14.147211	-12.303716	53.726643
11.630171	-13.939918	-11.647489	53.891407
11.640171	-13.689799	-10.989412	53.975163
11.650171	-13.401394	-10.342605	53.978874
11.660172	-13.079998	-9.719004	53.905407
11.670172	-12.731465	-9.128983	53.759224
11.680172	-12.361993	-8.581100	53.546021
11.690172	-11.977909	-8.081990	53.272346
11.700172	-11.585479	-7.636374	52.945255
11.710173	-11.190731	-7.247179	52.571983
11.720173	-10.799323	-6.915735	52.159691
11.730173	-10.416433	-6.642020	51.715248
11.740173	-10.046691	-6.424922	51.245106
11.750174	-9.694140	-6.262518	50.755203
11.760174	-9.362229	-6.152318	50.250942
11.770174	-9.053823	-6.091496	49.737179
11.780174	-8.771237	-6.077084	49.218258
11.790174	-8.516288	-6.106130	48.698059
11.800175	-8.290340	-6.175818	48.180069
11.810175	-8.094375	-6.283557	47.667439
11.820175	-7.929044	-6.427042	47.163055
11.830175	-7.794736	-6.604286	46.669609
11.840176	-7.691629	-6.813634	46.189655
11.850176	-7.619740	-7.053756	45.725677
11.860176	-7.578977	-7.323624	45.280132
11.870176	-7.569168	-7.622481	44.855511
11.880177	-7.590099	-7.949796	44.454380
11.890177	-7.641533	-8.305208	44.079414
11.900177	-7.723227	-8.688463	43.733448
11.910177	-7.834939	-9.099341	43.419491
11.920177	-7.976428	-9.537574	43.140762
11.930178	-8.147440	-10.002747	42.900719
11.940178	-8.347698	-10.494197	42.703053
11.950178	-8.576870	-11.010892	42.551697
11.960178	-8.834532	-11.551299	42.450813
11.970179	-9.120124	-12.113239	42.404762
11.980179	-9.432895	-12.693733	42.418041
11.990179	-9.771833	-13.288836	42.495205
12.000179	-10.135597	-13.893468	42.640736
12.010180	-10.522425	-14.501263	42.858887
12.020180	-10.930048	-15.104419	43.153469
12.030180	-11.355599	-15.693604	43.527588
12.040180	-11.795520	-16.257910	43.983326
12.050180	-12.245478	-16.784889	44.521381
12.060181	-12.700301	-17.260721	45.140682
12.070181	-13.153943	-17.670500	45.837975
12.080181	-13.599483	-17.998697	46.607433
12.090181	-14.029181	-18.229807	47.440357
12.100182	-14.434597	-18.349144	48.324963
12.110182	-14.806779	-18.343803	49.246357
12.120182	-15.136533	-18.203682	50.186749
12.130182	-15.414761	-17.922503	51.125900
12.140182	-15.632859	-17.498711	52.041874
12.150183	-15.783155	-16.936123	52.912006
12.160183	-15.859342	-16.244215	53.714088
12.170183	-15.856878	-15.437963	54.427593
12.180183	-15.773321	-14.537212	55.034870
12.190184	-15.608532	-13.565604	55.522144
12.200184	-15.364756	-12.549174	55.880207
12.210184	-15.046544	-11.514768	56.104736
12.220184	-14.660535	-10.488455	56.196213
12.230185	-14.215114	-9.494111	56.159458
12.240185	-13.719982	-8.552309	56.002907
12.250185	-13.185681	-7.679585	55.737686
12.260185	-12.623113	-6.888119	55.376652
12.270185	-12.043090	-6.185777	54.933464
12.280186	-11.455953	-5.576451	54.421799
12.290186	-10.871259	-5.060606	53.854713
12.300186	-10.297564	-4.635940	53.244217
12.310186	-9.742290	-4.298078	52.600998
12.320187	-9.211663	-4.041231	51.934334
12.330187	-8.710728	-3.858789	51.252087
12.340187	-8.243400	-3.743812	50.560802
12.350187	-7.812564	-3.689421	49.865852
12.360188	-7.420195	-3.689098	49.171608
12.370188	-7.067483	-3.736883	48.481613
12.380188	-6.754974	-3.827510	47.798756
12.390188	-6.482695	-3.956478	47.125412
12.400188	-6.250282	-4.120071	46.463600
12.410189	-6.057091	-4.315359	45.815079
12.420189	-5.902295	-4.540158	45.181458
12.430189	-5.784973	-4.792986	44.564270
12.440189	-5.704184	-5.073008	43.965054
12.450190	-5.659021	-5.379974	43.385403
12.460190	-5.648671	-5.714153	42.827034
12.470190	-5.672441	-6.076272	42.291828
12.480190	-5.729795	-6.467444	41.781887
12.490191	-5.820370	-6.889109	41.299580
12.500191	-5.943985	-7.342952	40.847591
12.510191	-6.100645	-7.830835	40.428982
12.520191	-6.290538	-8.354705	40.047245
12.530191	-6.514019	-8.916493	39.706360
12.540192	-6.771583	-9.518000	39.410858
12.550192	-7.063840	-10.160745	39.165878
12.560192	-7.391464	-10.845798	38.977215
12.570192	-7.755134	-11.573565	38.851372
12.580193	-8.155460	-12.343532	38.795574
12.590193	-8.592887	-13.153959	38.817760
12.600193	-9.067575	-14.001532	38.926529
12.610193	-9.579259	-14.880943	39.131008
12.620193	-10.127080	-15.784458	39.440655
12.630194	-10.709384	-16.701433	39.864922
12.640194	-11.323500	-17.617859	40.412792
12.650194	-11.965498	-18.515966	41.092133
12.660194	-12.629939	-19.373959	41.908890
12.670195	-13.309630	-20.165985	42.866077
12.680195	-13.995425	-20.862459	43.962639
12.690195	-14.676086	-21.430840	45.192226
12.700195	-15.338270	-21.836992	46.542030
12.710196	-15.966669	-22.047180	47.991840
12.720196	-16.544361	-22.030657	49.513573
12.730196	-17.053392	-21.762699	51.071465
12.740196	-17.475603	-21.227789	52.623161
12.750196	-17.793663	-20.422474	54.121780
12.760197	-17.992235	-19.357409	55.518887
12.770197	-18.059175	-18.058062	56.768082
12.780197	-17.986589	-16.563765	57.828781
12.790197	-17.771629	-14.925068	58.669598
12.800198	-17.416882	-13.199679	59.270771
12.810198	-16.930302	-11.447594	59.625290
12.820198	-16.324682	-9.726162	59.738518
12.830198	-15.616733	-8.085836	59.626541
12.840199	-14.825897	-6.567129	59.313549
12.850199	-13.973071	-5.199042	58.828796
12.860199	-13.079356	-3.998924	58.203613
12.870199	-12.164978	-2.973468	57.468842
12.880199	-11.248438	-2.120475	56.652931
12.890200	-10.345933	-1.430964	55.780731
12.900200	-9.471032	-0.891317	54.872929
12.910200	-8.634581	-0.485200	53.946007
12.920200	-7.844779	-0.195154	53.012558
12.930201	-7.107388	-0.003801	52.081787
12.940201	-6.426006	0.105312	51.160118
12.950201	-5.802394	0.147176	50.251778
12.960201	-5.236805	0.135036	49.359348
12.970201	-4.728295	0.080283	48.484222
12.980202	-4.275016	-0.007525	47.626976
12.990202	-3.874470	-0.120556	46.787647
13.000202	-3.523730	-0.252564	45.965961
13.010202	-3.219622	-0.398708	45.161472
13.020203	-2.958874	-0.555386	44.373669
13.030203	-2.738235	-0.720062	43.602043
13.040203	-2.554566	-0.891111	42.846130
13.050203	-2.404912	-1.067679	42.105530
13.060204	-2.286549	-1.249568	41.379925
13.070204	-2.197020	-1.437129	40.669079
13.080204	-2.134160	-1.631181	39.972851
13.090204	-2.096105	-1.832945	39.291180
13.100204	-2.081303	-2.043992	38.624100
13.110205	-2.088517	-2.266210	37.971748
13.120205	-2.116817	-2.501776	37.334362
13.130205	-2.165584	-2.753148	36.712299
13.140205	-2.234507	-3.023057	36.106049
13.150206	-2.323574	-3.314519	35.516262
13.160206	-2.433079	-3.630843	34.943771
13.170206	-2.563616	-3.975651	34.389629
13.180206	-2.716082	-4.352902	33.855164
13.190207	-2.891685	-4.766914	33.342022
13.200207	-3.091944	-5.222387	32.852253
13.210207	-3.318702	-5.724429	32.388378
13.220207	-3.574133	-6.278561	31.953516
13.230207	-3.860748	-6.890722	31.551495
13.240208	-4.181401	-7.567246	31.187012
13.250208	-4.539298	-8.314807	30.865816
13.260208	-4.937981	-9.140316	30.594923
13.270208	-5.381320	-10.050762	30.382868
13.280209	-5.873471	-11.052954	30.239990
13.290209	-6.418817	-12.153140	30.178747
13.300209	-7.021866	-13.356474	30.214046
13.310209	-7.687100	-14.666258	30.363564
13.320210	-8.418753	-16.082933	30.648014
13.330210	-9.220496	-17.602739	31.091295
13.340210	-10.095016	-19.216019	31.720409
13.350210	-11.043442	-20.905130	32.564999
13.360210	-12.064625	-22.642033	33.656330
13.370211	-13.154234	-24.385681	35.025440
13.380211	-14.303707	-26.079573	36.700249
13.390211	-15.499095	-27.649973	38.701385
13.400211	-16.719917	-29.005669	41.036716
13.410212	-17.938227	-30.040287	43.694847
13.420212	-19.118160	-30.638313	46.638405
13.430212	-20.216314	-30.685614	49.798485
13.440212	-21.183308	-30.084373	53.072289
13.450212	-21.966757	-28.770891	56.326092
13.460213	-22.515638	-26.732830	59.405029
13.470213	-22.785646	-24.021208	62.149632
13.480213	-22.744701	-20.752398	64.416664
13.490213	-22.377533	-17.097544	66.099731
13.500214	-21.688248	-13.260549	67.144318
13.510214	-20.700253	-9.449661	67.553177
13.520214	-19.453485	-5.849880	67.381027
13.530214	-17.999630	-2.602660	66.720673
13.540215	-16.396368	0.203554	65.685066
13.550215	-14.701789	2.532208	64.389977
13.560215	-12.969817	4.389891	62.940643
13.570215	-11.247097	5.813915	61.423855
13.580215	-9.571370	6.859715	59.905075
13.590216	-7.971117	7.590271	58.429344
13.600216	-6.466100	8.068460	57.024353
13.610216	-5.068439	8.352282	55.704353
13.620216	-3.783927	8.492430	54.474018
13.630217	-2.613376	8.531516	53.331760
13.640217	-1.553842	8.504315	52.272331
13.650217	-0.599698	8.438559	51.288681
13.660217	0.256489	8.355947	50.373257
13.670218	1.023268	8.273196	49.518791
13.680218	1.709763	8.202988	48.718758
13.690218	2.325280	8.154811	47.967613
13.700218	2.879019	8.135661	47.260853
13.710218	3.379874	8.150612	46.595009
13.720219	3.836301	8.203272	45.967575
13.730219	4.256243	8.296147	45.376926
13.740219	4.647082	8.430923	44.822239
13.750219	5.015627	8.608675	44.303402
13.760220	5.368121	8.830029	43.820950
13.770220	5.710253	9.095261	43.376019
13.780220	6.047184	9.404368	42.970295
13.790220	6.383569	9.757095	42.605995
13.800220	6.723586	10.152921	42.285843
13.810221	7.070949	10.591020	42.013062
13.820221	7.428921	11.070188	41.791351
13.830221	7.800319	11.588734	41.624874
13.840221	8.187499	12.144346	41.518227
13.850222	8.592338	12.733924	41.476391
13.860222	9.016189	13.353384	41.504658
13.870222	9.459833	13.997450	41.608513
13.880222	9.923407	14.659420	41.793484
13.890223	10.406315	15.330942	42.064907
13.900223	10.907137	16.001804	42.427662
13.910223	11.423518	16.659775	42.885784
13.920223	11.952063	17.290518	43.442039
13.930223	12.488235	17.877634	44.097408
13.940224	13.026280	18.402863	44.850513
13.950224	13.559184	18.846504	45.697033
13.960224	14.078685	19.188089	46.629150
13.970224	14.575368	19.407316	47.635105
13.980225	15.038844	19.485250	48.698925
13.990225	15.458044	19.405727	49.800457
14.000225	15.821614	19.156853	50.915726
14.010225	16.118425	18.732443	52.017735
14.020226	16.338148	18.133226	53.077667
14.030226	16.471874	17.367580	54.066422
14.040226	16.512716	16.451662	54.956375
14.050226	16.456329	15.408818	55.723164
14.060226	16.301292	14.268282	56.347267
14.070227	16.049299	13.063279	56.815193
14.080227	15.705132	11.828776	57.120106
14.090227	15.276424	10.599134	57.261833
14.100227	14.773222	9.405977	57.246296
14.110228	14.207416	8.276487	57.084480
14.120228	13.592083	7.232288	56.791100
14.130228	12.940823	6.288949	56.383183
14.140228	12.267131	5.456059	55.878712
14.150229	11.583864	4.737753	55.295483
14.160229	10.902824	4.133543	54.650215
14.170229	10.234464	3.639293	53.957985
14.180229	9.587714	3.248233	53.231888
14.190229	8.969931	2.951893	52.482960
14.200230	8.386915	2.740916	51.720245
14.210230	7.843015	2.605715	50.950981
14.220230	7.341264	2.536972	50.180832
14.230230	6.883548	2.525997	49.414165
14.240231	6.470790	2.564957	48.654305
14.250231	6.103126	2.647008	47.903755
14.260231	5.780078	2.766353	47.164429
14.270231	5.500716	2.918241	46.437798
14.280231	5.263791	3.098929	45.725048
14.290232	5.067866	3.305621	45.027184
14.300232	4.911417	3.536396	44.345127
14.310232	4.792921	3.790125	43.679779
14.320232	4.710927	4.066394	43.032089
14.330233	4.664113	4.365428	42.403091
14.340233	4.651333	4.688018	41.793961
14.350233	4.671652	5.035457	41.206051
14.360233	4.724364	5.409482	40.640930
14.370234	4.809018	5.812213	40.100437
14.380234	4.925422	6.246107	39.586723
14.390234	5.073650	6.713893	39.102310
14.400234	5.254040	7.218523	38.650146
14.410234	5.467185	7.763097	38.233692
14.420235	5.713919	8.350787	37.856983
14.430235	5.995300	8.984728	37.524727
14.440235	6.312572	9.667890	37.242390
14.450235	6.667131	10.402905	37.016293
14.460236	7.060462	11.191857	36.853706
14.470236	7.494066	12.035995	36.762936
14.480236	7.969367	12.935387	36.753384
14.490236	8.487581	13.888489	36.835560
14.500237	9.049560	14.891620	37.021049
14.510237	9.655592	15.938346	37.322369
14.520237	10.305162	17.018780	37.752686
14.530237	10.996663	18.118824	38.325359
14.540237	11.727059	19.219410	39.053242
14.550238	12.491519	20.295824	39.947693
14.560238	13.283028	21.317249	41.017284
14.570238	14.092007	22.246698	42.266174
14.580238	14.905998	23.041561	43.692226
14.590239	15.709468	23.654991	45.285023
14.600239	16.483809	24.038324	47.023987
14.610239	17.207630	24.144630	48.877022
14.620239	17.857403	23.933254	50.800045
14.630239	18.408508	23.374992	52.737904
14.640240	18.836679	22.457178	54.626926
14.650240	19.119743	21.187752	56.399197
14.660240	19.239477	19.597307	57.988159
14.670240	19.183371	17.738352	59.334839
14.680241	18.945986	15.681502	60.393616
14.690241	18.529701	13.509044	61.136486
14.700241	17.944696	11.306913	61.555023
14.710241	17.208162	9.156529	61.659729
14.720242	16.342867	7.127883	61.477066
14.730242	15.375300	5.274878	61.044930
14.740242	14.333692	3.633324	60.407520
14.750242	13.246132	2.221365	59.610512
14.760242	12.139012	1.041728	58.697178
14.770243	11.035875	0.085021	57.705750
14.780243	9.956706	-0.666668	56.668030
14.790243	8.917624	-1.236399	55.609035
14.800243	7.930902	-1.649565	54.547398
14.810244	7.005209	-1.931752	53.496185
14.820244	6.146016	-2.107276	52.463947
14.830244	5.356060	-2.198274	51.455730
14.840244	4.635839	-2.224250	50.474030
14.850245	3.984080	-2.201936	49.519577
14.860245	3.398174	-2.145369	48.591957
14.870245	2.874542	-2.066087	47.690079
14.880245	2.408961	-1.973400	46.812504
14.890245	1.996816	-1.874687	45.957680
14.900246	1.633311	-1.775682	45.124077
14.910246	1.313629	-1.680757	44.310268
14.920246	1.033049	-1.593165	43.514977
14.930246	0.787035	-1.515270	42.737083
14.940247	0.571291	-1.448734	41.975636
14.950247	0.381801	-1.394688	41.229816
14.960247	0.214841	-1.353866	40.498943
14.970247	0.066986	-1.326728	39.782444
14.980247	-0.064898	-1.313558	39.079842
14.990248	-0.183668	-1.314540	38.390739
15.000248	-0.291926	-1.329833	37.714809
15.010248	-0.392041	-1.359617	37.051785
15.020248	-0.486179	-1.404149	36.401443
15.030249	-0.576329	-1.463791	35.763615
15.040249	-0.664330	-1.539055	35.138176
15.050249	-0.751905	-1.630621	34.525047
15.060249	-0.840687	-1.739374	33.924202
15.070250	-0.932248	-1.866423	33.335670
15.080250	-1.028129	-2.013131	32.759544
15.090250	-1.129867	-2.181141	32.195988
15.100250	-1.239024	-2.372406	31.645264
15.110250	-1.357214	-2.589218	31.107738
15.120251	-1.486135	-2.834248	30.583918
15.130251	-1.627598	-3.110578	30.074471
15.140251	-1.783554	-3.421748	29.580276
15.150251	-1.956132	-3.771800	29.102468
15.160252	-2.147668	-4.165326	28.642504
15.170252	-2.360740	-4.607518	28.202234
15.180252	-2.598207	-5.104222	27.784016
15.190252	-2.863246	-5.661977	27.390827
15.200253	-3.159388	-6.288058	27.026424
15.210253	-3.490554	-6.990495	26.695538
15.220253	-3.861094	-7.778061	26.404110
15.230253	-4.275812	-8.660221	26.159588
15.240253	-4.739980	-9.647005	25.971279
15.250254	-5.259341	-10.748782	25.850775
15.260254	-5.840075	-11.975881	25.812449
15.270254	-6.488728	-13.338001	25.874022
15.280254	-7.212073	-14.843333	26.057180
15.290255	-8.016888	-16.497280	26.388186
15.300255	-8.909602	-18.300673	26.898420
15.310255	-9.895781	-20.247341	27.624701
15.320255	-10.979389	-22.320950	28.609146
15.330256	-12.161791	-24.491035	29.898264
15.340256	-13.440429	-26.708403	31.540808
15.350256	-14.807181	-28.900232	33.583847
15.360256	-16.246439	-30.965801	36.066509
15.370256	-17.733047	-32.774258	39.011017
15.380257	-19.230431	-34.166592	42.411259
15.390257	-20.689407	-34.964348	46.220100
15.400257	-22.048361	-34.987244	50.338177
15.410257	-23.235533	-34.080185	54.608353
15.420258	-24.173983	-32.146637	58.820713
15.430258	-24.789217	-29.180984	62.731583
15.440258	-25.018637	-25.289066	66.096115
15.450258	-24.820995	-20.686655	68.708260
15.460258	-24.183558	-15.671706	70.437141
15.470259	-23.124916	-10.576004	71.248360
15.480259	-21.692591	-5.710340	71.203484
15.490259	-19.956070	-1.319504	70.439171
15.500259	-17.997215	2.441857	69.134354
15.510260	-15.900386	5.510531	67.476303
15.520260	-13.744220	7.898941	65.634140
15.530260	-11.596119	9.671240	63.743591
15.540260	-9.509556	10.919325	61.902248
15.550261	-7.523709	11.743572	60.172321
15.560261	-5.664656	12.239933	58.587284
15.570261	-3.947398	12.492847	57.159599
15.580261	-2.378159	12.572503	55.887783
15.590261	-0.956580	12.534842	54.762081
15.600262	0.322363	12.423027	53.768574
15.610262	1.466798	12.269502	52.891945
15.620262	2.486742	12.098088	52.117180
15.630262	3.393195	11.925896	51.430519
15.640263	4.197484	11.764912	50.819893
15.650263	4.910807	11.623277	50.275066
15.660263	5.543931	11.506271	49.787567
15.670263	6.106996	11.417062	49.350544
15.680264	6.609396	11.357262	48.958569
15.690264	7.059732	11.327340	48.607430
15.700264	7.465787	11.326921	48.293945
15.710264	7.834537	11.355002	48.015766
15.720264	8.172174	11.410105	47.771236
15.730265	8.484141	11.490388	47.559242
15.740265	8.775176	11.593719	47.379101
15.750265	9.049350	11.717725	47.230442
15.760265	9.310109	11.859826	47.113132
15.770266	9.560319	12.017256	47.027184
15.780266	9.802299	12.187069	46.972683
15.790266	10.037860	12.366155	46.949722
15.800266	10.268338	12.551241	46.958332
15.810266	10.494622	12.738901	46.998421
15.820267	10.717183	12.925572	47.069710
15.830267	10.936104	13.107572	47.171684
15.840267	11.151104	13.281128	47.303528
15.850267	11.361568	13.442423	47.464077
15.860268	11.566578	13.587645	47.651768
15.870268	11.764942	13.713054	47.864613
15.880268	11.955234	13.815061	48.100155
15.890268	12.135832	13.890318	48.355476
15.900269	12.304969	13.935816	48.627182
15.910269	12.460778	13.948989	48.911434
15.920269	12.601355	13.927814	49.203991
15.930269	12.724812	13.870914	49.500278
15.940269	12.829346	13.777632	49.795460
15.950270	12.913301	13.648106	50.084560
15.960270	12.975235	13.483302	50.362572
15.970270	13.013971	13.285028	50.624592
15.980270	13.028658	13.055904	50.865952
15.990271	13.018811	12.799311	51.082352
16.000271	12.984347	12.519289	51.269978
16.010271	12.925600	12.220427	51.425602
16.020271	12.843329	11.907713	51.546661
16.030272	12.738709	11.586380	51.631321
16.040272	12.613304	11.261744	51.678482
16.050272	12.469031	10.939042	51.687782
16.060272	12.308114	10.623292	51.659561
16.070272	12.133025	10.319163	51.594803
16.080273	11.946424	10.030878	51.495071
16.090273	11.751095	9.762138	51.362411
16.100273	11.549881	9.516083	51.199268
16.110273	11.345626	9.295270	51.008389
16.120274	11.141118	9.101687	50.792736
16.130274	10.939043	8.936779	50.555412
16.140274	10.741944	8.801492	50.299587
16.150274	10.552192	8.696328	50.028442
16.160275	10.371959	8.621411	49.745125
16.170275	10.203208	8.576546	49.452721
16.180275	10.047684	8.561278	49.154224
16.190275	9.906912	8.574959	48.852531
16.200275	9.782204	8.616786	48.550434
16.210276	9.674664	8.685855	48.250626
16.220276	9.585204	8.781187	47.955704
16.230276	9.514551	8.901756	47.668179
16.240276	9.463264	9.046505	47.390488
16.250277	9.431749	9.214350	47.125011
16.260277	9.420266	9.404180	46.874081
16.270277	9.428946	9.614845	46.639984
16.280277	9.457791	9.845146	46.424984
16.290277	9.506691	10.093804	46.231316
16.300278	9.575416	10.359435	46.061188
16.310278	9.663619	10.640516	45.916782
16.320278	9.770836	10.935349	45.800240
16.330278	9.896473	11.242019	45.713646
16.340279	10.039799	11.558356	45.659004
16.350279	10.199930	11.881895	45.638206
16.360279	10.375818	12.209835	45.652985
16.370279	10.566231	12.539012	45.704868
16.380280	10.769732	12.865874	45.795116
16.390280	10.984665	13.186470	45.924652
16.400280	11.209137	13.496454	46.093983
16.410280	11.441004	13.791111	46.303108
16.420280	11.677860	14.065403	46.551437
16.430281	11.917040	14.314048	46.837708
16.440281	12.155620	14.531624	47.159889
16.450281	12.390438	14.712707	47.515125
16.460281	12.618127	14.852039	47.899685
16.470282	12.835155	14.944724	48.308937
16.480282	13.037889	14.986438	48.737370
16.490282	13.222669	14.973658	49.178646
16.500282	13.385893	14.903878	49.625721
16.510283	13.524127	14.775814	50.070976
16.520283	13.634205	14.589560	50.506432
16.530283	13.713343	14.346703	50.923981
16.540283	13.759249	14.050364	51.315655
16.550283	13.770217	13.705163	51.673901
16.560284	13.745211	13.317097	51.991840
16.570284	13.683921	12.893349	52.263523
16.580284	13.586797	12.442027	52.484119
16.590284	13.455046	11.971855	52.650063
16.600285	13.290606	11.491834	52.759132
16.610285	13.096084	11.010905	52.810448
16.620285	12.874673	10.537636	52.804424
16.630285	12.630046	10.079944	52.742653
16.640285	12.366238	9.644880	52.627739
16.650286	12.087522	9.238480	52.463123
16.660286	11.798285	8.865674	52.252884
16.670286	11.502913	8.530277	52.001541
16.680286	11.205683	8.235022	51.713875
16.690287	10.910677	7.981637	51.394768
16.700287	10.621711	7.770970	51.049072
16.710287	10.342278	7.603114	50.681511
16.720287	10.075522	7.477551	50.296608
16.730288	9.824213	7.393300	49.898636
16.740288	9.590747	7.349041	49.491611
16.750288	9.377156	7.343238	49.079273
16.760288	9.185128	7.374245	48.665108
16.770288	9.016030	7.440381	48.252369
16.780289	8.870942	7.540002	47.844105
16.790289	8.750689	7.671546	47.443203
16.800289	8.655871	7.833559	47.052410
16.810289	8.586903	8.024714	46.674389
16.820290	8.544037	8.243805	46.311733
16.830290	8.527393	8.489738	45.967018
16.840290	8.536981	8.761508	45.642815
16.850290	8.572714	9.058160	45.341728
16.860291	8.634426	9.378746	45.066414
16.870291	8.721873	9.722279	44.819595
16.880291	8.834736	10.087662	44.604069
16.890291	8.972613	10.473628	44.422718
16.900291	9.135010	10.878662	44.278496
16.910292	9.321318	11.300919	44.174419
16.920292	9.530790	11.738134	44.113525
16.930292	9.762514	12.187543	44.098835
16.940292	10.015370	12.645781	44.133293
16.950293	10.287993	13.108806	44.219685
16.960293	10.578727	13.571818	44.360519
16.970293	10.885577	14.029207	44.557919
16.980293	11.206165	14.474511	44.813457
16.990294	11.537683	14.900424	45.127987
17.000294	11.876854	15.298846	45.501446
17.010294	12.219913	15.660989	45.932663
17.020294	12.562590	15.977555	46.419147
17.030294	12.900124	16.238993	46.956921
17.040295	13.227301	16.435829	47.540352
17.050295	13.538526	16.559080	48.162075
17.060295	13.827926	16.600719	48.812988
17.070295	14.089493	16.554190	49.482330
17.080296	14.317262	16.414911	50.157902
17.090296	14.505515	16.180744	50.826393
17.100296	14.649013	15.852362	51.473824
17.110296	14.743223	15.433487	52.086105
17.120296	14.784550	14.930935	52.649632
17.130297	14.770531	14.354460	53.151905
17.140297	14.699989	13.716386	53.582108
17.150297	14.573135	13.031057	53.931580
17.160297	14.391587	12.314143	54.194176
17.170298	14.158329	11.581861	54.366425
17.180298	13.877596	10.850196	54.447533
17.190298	13.554695	10.134186	54.439209
17.200298	13.195786	9.447315	54.345352
17.210299	12.807631	8.801079	54.171654
17.220299	12.397333	8.204715	53.925125
17.230299	11.972084	7.665118	53.613640
17.240299	11.538937	7.186903	53.245506
17.250299	11.104609	6.772590	52.829082
17.260300	10.675333	6.422881	52.372486
17.270300	10.256738	6.136976	51.883373
17.280300	9.853785	5.912913	51.368801
17.290300	9.470735	5.747899	50.835144
17.300301	9.111152	5.638606	50.288097
17.310301	8.777928	5.581437	49.732681
17.320301	8.473337	5.572738	49.173306
17.330301	8.199092	5.608973	48.613846
17.340302	7.956419	5.686850	48.057720
17.350302	7.746130	5.803409	47.507977
17.360302	7.568697	5.956078	46.967373
17.370302	7.424322	6.142702	46.438457
17.380302	7.313003	6.361545	45.923641
17.390303	7.234593	6.611280	45.425266
17.400303	7.188852	6.890959	44.945663
17.410303	7.175489	7.199971	44.487209
17.420303	7.194196	7.537997	44.052368
17.430304	7.244675	7.904948	43.643749
17.440304	7.326658	8.300898	43.264141
17.450304	7.439912	8.726008	42.916553
17.460304	7.584243	9.180443	42.604252
17.470304	7.759486	9.664268	42.330780
17.480305	7.965488	10.177344	42.099991
17.490305	8.202084	10.719197	41.916058
17.500305	8.469052	11.288879	41.783474
17.510305	8.766077	11.884808	41.707039
17.520306	9.092679	12.504585	41.691814
17.530306	9.448151	13.144810	41.743057
17.540306	9.831469	13.800869	41.866112
17.550306	10.241201	14.466728	42.066257
17.560307	10.675401	15.134732	42.348488
17.570307	11.131490	15.795431	42.717247
17.580307	11.606145	16.437456	43.176079
17.590307	12.095183	17.047480	43.727219
17.600307	12.593462	17.610291	44.371117
17.610308	13.094798	18.109030	45.105938
17.620308	13.591934	18.525625	45.927032
17.630308	14.076556	18.841442	46.826462
17.640308	14.539382	19.038181	47.792637
17.650309	14.970338	19.098986	48.810127
17.660309	15.358835	19.009722	49.859730
17.670309	15.694140	18.760313	50.918880
17.680309	15.965836	18.346001	51.962399
17.690310	16.164349	17.768368	52.963608
17.700310	16.281500	17.035936	53.895744
17.710310	16.311039	16.164219	54.733532
17.720310	16.249098	15.175139	55.454746
17.730310	16.094517	14.095835	56.041618
17.740311	15.849005	12.956955	56.481853
17.750311	15.517101	11.790659	56.769176
17.760311	15.105952	10.628536	56.903336
17.770311	14.624914	9.499719	56.889587
17.780312	14.085037	8.429365	56.737801
17.790312	13.498474	7.437655	56.461277
17.800312	12.877878	6.539324	56.075500
17.810312	12.235839	5.743696	55.596924
17.820312	11.584392	5.055127	55.041943
17.830313	10.934634	4.473718	54.426090
17.840313	10.296449	3.996171	53.763485
17.850313	9.678342	3.616693	53.066521
17.860313	9.087374	3.327832	52.345760
17.870314	8.529180	3.121223	51.609966
17.880314	8.008045	2.988201	50.866253
17.890314	7.527031	2.920265	50.120289
17.900314	7.088122	2.909430	49.376526
17.910315	6.692388	2.948452	48.638432
17.920315	6.340152	3.030967	47.908695
17.930315	6.031145	3.151562	47.189423
17.940315	5.764657	3.305779	46.482304
17.950315	5.539666	3.490101	45.788734
17.960316	5.354956	3.701893	45.109936
17.970316	5.209216	3.939347	44.447037
17.980316	5.101125	4.201405	43.801155
17.990316	5.029419	4.487691	43.173450
18.000317	4.992950	4.798437	42.565186
18.010317	4.990726	5.134414	41.977760
18.020317	5.021949	5.496871	41.412773
18.030317	5.086031	5.887468	40.872051
18.040318	5.182621	6.308219	40.357716
18.050318	5.311602	6.761430	39.872215
18.060318	5.473102	7.249633	39.418404
18.070318	5.667484	7.775518	38.999584
18.080318	5.895337	8.341845	38.619595
18.090319	6.157453	8.951342	38.282879
18.100319	6.454802	9.606579	37.994564
18.110319	6.788492	10.309807	37.760540
18.120319	7.159715	11.062757	37.587547
18.130320	7.569674	11.866385	37.483234
18.140320	8.019502	12.720561	37.456207
18.150320	8.510137	13.623682	37.516041
18.160320	9.042184	14.572213	37.673225
18.170321	9.615738	15.560151	37.939034
18.180321	10.230165	16.578421	38.325272
18.190321	10.883853	17.614227	38.843861
18.200321	11.573913	18.650412	39.506233
18.210321	12.295863	19.664885	40.322483
18.220322	13.043292	20.630236	41.300259
18.230322	13.807530	21.513681	42.443371
18.240322	14.577376	22.277510	43.750210
18.250322	15.338920	22.880217	45.212051
18.260323	16.075533	23.278498	46.811443
18.270323	16.768099	23.430159	48.520988
18.280323	17.395531	23.297890	50.302841
18.290323	17.935633	22.853605	52.109283
18.300323	18.366299	22.082829	53.884659
18.310324	18.666971	20.988367	55.568722
18.320324	18.820255	19.592487	57.101208
18.330324	18.813471	17.936892	58.427048
18.340324	18.639935	16.080164	59.501465
18.350325	18.299768	14.092881	60.294048
18.360325	17.800079	12.051117	60.791065
18.370325	17.154482	10.029427	60.995663
18.380325	16.382025	8.094496	60.925999
18.390326	15.505689	6.300406	60.611824
18.400326	14.550685	4.686020	60.090267
18.410326	13.542763	3.274505	59.401558
18.420326	12.506722	2.074619	58.585342
18.430326	11.465252	1.083153	57.677940
18.440327	10.438130	0.287916	56.710663
18.450327	9.441796	-0.329270	55.709080
18.460327	8.489225	-0.789906	54.693031
18.470327	7.590049	-1.116674	53.677143
18.480328	6.750838	-1.331864	52.671604
18.490328	5.975486	-1.456311	51.683041
18.500328	5.265632	-1.508778	50.715370
18.510328	4.621086	-1.505666	49.770535
18.520329	4.040234	-1.460955	48.849121
18.530329	3.520399	-1.386298	47.950832
18.540329	3.058154	-1.291212	47.074856
18.550329	2.649585	-1.183311	46.220108
18.560329	2.290510	-1.068553	45.385406
18.570330	1.976645	-0.951487	44.569588
18.580330	1.703738	-0.835484	43.771557
18.590330	1.467672	-0.722943	42.990322
18.600330	1.264531	-0.615472	42.225014
18.610331	1.090648	-0.514054	41.474873
18.620331	0.942640	-0.419174	40.739243
18.630331	0.817416	-0.330936	40.017563
18.640331	0.712183	-0.249156	39.309345
18.650331	0.624445	-0.173435	38.614170
18.660332	0.551985	-0.103222	37.931671
18.670332	0.492859	-0.037856	37.261520
18.680332	0.445371	0.023391	36.603428
18.690332	0.408061	0.081296	35.957127
18.700333	0.379680	0.136661	35.322376
18.710333	0.359178	0.190304	34.698952
18.720333	0.345680	0.243051	34.086643
18.730333	0.338476	0.295738	33.485256
18.740334	0.337003	0.349208	32.894600
18.750334	0.340830	0.404321	32.314499
18.760334	0.349653	0.461957	31.744789
18.770334	0.363280	0.523030	31.185314
18.780334	0.381627	0.588497	30.635927
18.790335	0.404713	0.659375	30.096498
18.800335	0.432653	0.736755	29.566908
18.810335	0.465661	0.821820	29.047052
18.820335	0.504047	0.915866	28.536852
18.830336	0.548224	1.020323	28.036245
18.840336	0.598706	1.136785	27.545204
18.850336	0.656120	1.267031	27.063734
18.860336	0.721214	1.413063	26.591887
18.870337	0.794866	1.577139	26.129770
18.880337	0.878100	1.761817	25.677561
18.890337	0.972103	1.969993	25.235525
18.900337	1.078242	2.204961	24.804041
18.910337	1.198090	2.470464	24.383633
18.920338	1.333448	2.770763	23.975004
18.930338	1.486384	3.110705	23.579094
18.940338	1.659256	3.495804	23.197138
18.950338	1.854764	3.932326	22.830755
18.960339	2.075981	4.427379	22.482052
18.970339	2.326414	4.989009	22.153765
18.980339	2.610046	5.626291	21.849436
18.990339	2.931401	6.349417	21.573641
19.000340	3.295597	7.169756	21.332279
19.010340	3.708402	8.099880	21.132944
19.020340	4.176288	9.153527	20.985380
19.030340	4.706468	10.345448	20.902069
19.040340	5.306902	11.691092	20.898933
19.050341	5.986272	13.206045	20.996195
19.060341	6.753879	14.905080	21.219362
19.070341	7.619434	16.800686	21.600342
19.080341	8.592702	18.900852	22.178570
19.090342	9.682914	21.205847	23.002005
19.100342	10.897870	23.703735	24.127672
19.110342	12.242630	26.364403	25.621258
19.120342	13.717689	29.132036	27.554979
19.130342	15.316549	31.916449	30.002708
19.140343	17.022699	34.584431	33.031109
19.150343	18.806168	36.953503	36.685722
19.160343	20.620102	38.792057	40.971775
19.170343	22.398243	39.831173	45.831451
19.180344	24.054558	39.793304	51.122509
19.190344	25.486553	38.439842	56.606815
19.200344	26.583448	35.631966	61.959164
19.210344	27.239288	31.388897	66.803970
19.220345	27.369148	25.919977	70.777847
19.230345	26.924623	19.609760	73.602776
19.240345	25.903978	12.952071	75.145004
19.250345	24.353453	6.452442	75.437325
19.260345	22.359219	0.533540	74.657425
19.270346	20.032673	-4.525296	73.073860
19.280346	17.493607	-8.602038	70.982300
19.290346	14.855506	-11.707677	68.652901
19.300346	12.215567	-13.942587	66.299423
19.310347	9.649903	-15.451732	64.069954
19.320347	7.213037	-16.389645	62.052601
19.330347	4.940140	-16.898447	60.288410
19.340347	2.850595	-17.097277	58.785671
19.350348	0.951839	-17.079649	57.532265
19.360348	-0.757144	-16.915335	56.504948
19.370348	-2.282938	-16.654261	55.675617
19.380348	-3.635493	-16.330858	55.015186
19.390348	-4.826517	-15.968088	54.495758
19.400349	-5.868387	-15.580788	54.091679
19.410349	-6.773439	-15.178305	53.779949
19.420349	-7.553550	-14.766473	53.540268
19.430349	-8.219913	-14.349035	53.354912
19.440350	-8.782958	-13.928634	53.208542
19.450350	-9.252348	-13.507464	53.087994
19.460350	-9.637032	-13.087680	52.982098
19.470350	-9.945318	-12.671602	52.881519
19.480350	-10.184959	-12.261809	52.778591
19.490351	-10.363225	-11.861123	52.667194
19.500351	-10.486970	-11.472542	52.542618
19.510351	-10.562685	-11.099142	52.401428
19.520351	-10.596536	-10.743963	52.241337
19.530352	-10.594382	-10.409901	52.061066
19.540352	-10.561790	-10.099607	51.860218
19.550352	-10.504034	-9.815413	51.639141
19.560352	-10.426087	-9.559281	51.398788
19.570353	-10.332620	-9.332767	51.140610
19.580353	-10.227983	-9.137017	50.866428
19.590353	-10.116204	-8.972784	50.578354
19.600353	-10.000982	-8.840445	50.278683
19.610353	-9.885682	-8.740047	49.969841
19.620354	-9.773338	-8.671352	49.654324
19.630354	-9.666664	-8.633881	49.334641
19.640354	-9.568058	-8.626964	49.013302
19.650354	-9.479620	-8.649783	48.692787
19.660355	-9.403167	-8.701415	48.375538
19.670355	-9.340250	-8.780859	48.063950
19.680355	-9.292176	-8.887063	47.760368
19.690355	-9.260026	-9.018943	47.467106
19.700356	-9.244673	-9.175387	47.186443
19.710356	-9.246799	-9.355259	46.920628
19.720356	-9.266914	-9.557388	46.671890
19.730356	-9.305364	-9.780557	46.442448
19.740356	-9.362343	-10.023476	46.234509
19.750357	-9.437899	-10.284761	46.050274
19.760357	-9.531939	-10.562900	45.891926
19.770357	-9.644225	-10.856208	45.761627
19.780357	-9.774374	-11.162796	45.661503
19.790358	-9.921845	-11.480526	45.593609
19.800358	-10.085934	-11.806967	45.559914
19.810358	-10.265754	-12.139354	45.562248
19.820358	-10.460222	-12.474555	45.602264
19.830359	-10.668044	-12.809040	45.681362
19.840359	-10.887690	-13.138865	45.800625
19.850359	-11.117381	-13.459665	45.960747
19.860359	-11.355074	-13.766679	46.161934
19.870359	-11.598448	-14.054781	46.403816
19.880360	-11.844902	-14.318555	46.685349
19.890360	-12.091558	-14.552389	47.004730
19.900360	-12.335275	-14.750613	47.359318
19.910360	-12.572674	-14.907660	47.745567
19.920361	-12.800184	-15.018265	48.159000
19.930361	-13.014098	-15.077681	48.594208
19.940361	-13.210645	-15.081918	49.044891
19.950361	-13.386080	-15.027977	49.503960
19.960361	-13.536789	-14.914072	49.963669
19.970362	-13.659398	-14.739816	50.415825
19.980362	-13.750893	-14.506357	50.852013
19.990362	-13.808730	-14.216452	51.263878
