1.000100	3.436564
1.000200	3.437007
1.000300	3.437451
1.000400	3.437895
1.000500	3.438339
1.000600	3.438783
1.000700	3.439227
1.000800	3.439671
1.000900	3.440115
1.001000	3.440559
1.001100	3.441004
1.001200	3.441448
1.001300	3.441892
1.001400	3.442337
1.001500	3.442781
1.001600	3.443226
1.001700	3.443670
1.001800	3.444115
1.001900	3.444560
1.002000	3.445004
1.002100	3.445449
1.002200	3.445894
1.002300	3.446339
1.002400	3.446784
1.002500	3.447229
1.002600	3.447674
1.002700	3.448119
1.002800	3.448564
1.002900	3.449009
1.003000	3.449455
1.003101	3.449900
1.003201	3.450346
1.003301	3.450791
1.003401	3.451236
1.003501	3.451682
1.003601	3.452127
1.003701	3.452573
1.003801	3.453019
1.003901	3.453465
1.004001	3.453911
1.004101	3.454356
1.004201	3.454802
1.004301	3.455248
1.004401	3.455694
1.004501	3.456141
1.004601	3.456587
1.004701	3.457033
1.004801	3.457479
1.004901	3.457926
1.005001	3.458372
1.005101	3.458818
1.005201	3.459265
1.005301	3.459711
1.005401	3.460158
1.005501	3.460604
1.005601	3.461051
1.005701	3.461498
1.005801	3.461945
1.005901	3.462392
1.006001	3.462839
1.006101	3.463285
1.006201	3.463732
1.006301	3.464180
1.006401	3.464627
1.006501	3.465074
1.006601	3.465521
1.006701	3.465969
1.006801	3.466416
1.006901	3.466863
1.007001	3.467311
1.007101	3.467758
1.007201	3.468206
1.007301	3.468653
1.007401	3.469101
1.007501	3.469549
1.007601	3.469997
1.007701	3.470445
1.007801	3.470892
1.007901	3.471340
1.008001	3.471788
1.008101	3.472237
1.008201	3.472685
1.008301	3.473133
1.008401	3.473581
1.008501	3.474029
1.008601	3.474478
1.008701	3.474926
1.008801	3.475374
1.008901	3.475823
1.009001	3.476272
1.009102	3.476720
1.009202	3.477169
1.009302	3.477618
1.009402	3.478066
1.009502	3.478515
1.009602	3.478964
1.009702	3.479413
1.009802	3.479862
1.009902	3.480311
1.100017	3.907914
1.100117	3.908415
1.100217	3.908916
1.100317	3.909417
1.100417	3.909918
1.100517	3.910419
1.100617	3.910921
1.100717	3.911422
1.100817	3.911923
1.100917	3.912425
1.101017	3.912926
1.101117	3.913427
1.101217	3.913929
1.101317	3.914431
1.101417	3.914932
1.101517	3.915434
1.101617	3.915936
1.101717	3.916438
1.101817	3.916939
1.101917	3.917442
1.102017	3.917944
1.102117	3.918446
1.102217	3.918948
1.102317	3.919450
1.102417	3.919952
1.102517	3.920455
1.102617	3.920957
1.102717	3.921460
1.102817	3.921962
1.102917	3.922465
1.103017	3.922967
1.103117	3.923470
1.103217	3.923973
1.103317	3.924476
1.103417	3.924978
1.103517	3.925481
1.103617	3.925984
1.103717	3.926487
1.103817	3.926991
1.103917	3.927494
1.104017	3.927997
1.104117	3.928500
1.104217	3.929004
1.104317	3.929507
1.104417	3.930011
1.104517	3.930514
1.104617	3.931018
1.104717	3.931521
1.104817	3.932025
1.104917	3.932529
1.105017	3.933033
1.105117	3.933537
1.105217	3.934041
1.105317	3.934545
1.105417	3.935049
1.105518	3.935553
1.105618	3.936057
1.105718	3.936561
1.105818	3.937066
1.105918	3.937570
1.106018	3.938075
1.106118	3.938579
1.106218	3.939084
1.106318	3.939588
1.106418	3.940093
1.106518	3.940598
1.106618	3.941103
1.106718	3.941607
1.106818	3.942112
1.106918	3.942617
1.107018	3.943122
1.107118	3.943628
1.107218	3.944133
1.107318	3.944638
1.107418	3.945143
1.107518	3.945649
1.107618	3.946154
1.107718	3.946660
1.107818	3.947165
1.107918	3.947671
1.108018	3.948176
1.108118	3.948682
1.108218	3.949188
1.108318	3.949694
1.108418	3.950200
1.108518	3.950706
1.108618	3.951212
1.108718	3.951718
1.108818	3.952224
1.108918	3.952730
1.109018	3.953236
1.109118	3.953743
1.109218	3.954249
1.109318	3.954756
1.109418	3.955262
1.109518	3.955769
1.109618	3.956275
1.109718	3.956782
1.109818	3.957289
1.109918	3.957795
1.200033	4.439857
1.200133	4.440421
1.200233	4.440985
1.200333	4.441549
1.200433	4.442114
1.200533	4.442678
1.200633	4.443243
1.200733	4.443807
1.200833	4.444372
1.200933	4.444936
1.201033	4.445501
1.201133	4.446066
1.201233	4.446630
1.201333	4.447196
1.201433	4.447761
1.201533	4.448326
1.201633	4.448891
1.201733	4.449456
1.201833	4.450021
1.201934	4.450586
1.202034	4.451152
1.202134	4.451717
1.202234	4.452282
1.202334	4.452848
1.202434	4.453414
1.202534	4.453979
1.202634	4.454545
1.202734	4.455111
1.202834	4.455677
1.202934	4.456243
1.203034	4.456809
1.203134	4.457375
1.203234	4.457942
1.203334	4.458508
1.203434	4.459074
1.203534	4.459640
1.203634	4.460207
1.203734	4.460773
1.203834	4.461339
1.203934	4.461906
1.204034	4.462473
1.204134	4.463040
1.204234	4.463607
1.204334	4.464173
1.204434	4.464740
1.204534	4.465308
1.204634	4.465875
1.204734	4.466442
1.204834	4.467009
1.204934	4.467577
1.205034	4.468144
1.205134	4.468711
1.205234	4.469279
1.205334	4.469846
1.205434	4.470414
1.205534	4.470982
1.205634	4.471550
1.205734	4.472117
1.205834	4.472685
1.205934	4.473253
1.206034	4.473821
1.206134	4.474389
1.206234	4.474957
1.206334	4.475525
1.206434	4.476094
1.206534	4.476662
1.206634	4.477231
1.206734	4.477799
1.206834	4.478368
1.206934	4.478936
1.207034	4.479505
1.207134	4.480074
1.207234	4.480643
1.207334	4.481212
1.207434	4.481781
1.207534	4.482350
1.207634	4.482919
1.207734	4.483488
1.207834	4.484057
1.207934	4.484626
1.208035	4.485196
1.208135	4.485765
1.208235	4.486335
1.208335	4.486904
1.208435	4.487474
1.208535	4.488044
1.208635	4.488614
1.208735	4.489183
1.208835	4.489753
1.208935	4.490323
1.209035	4.490893
1.209135	4.491463
1.209235	4.492033
1.209335	4.492604
1.209435	4.493174
1.209535	4.493744
1.209635	4.494315
1.209735	4.494885
1.209835	4.495456
1.209935	4.496027
1.300050	5.038275
1.300150	5.038909
1.300250	5.039543
1.300350	5.040177
1.300450	5.040811
1.300550	5.041445
1.300650	5.042080
1.300750	5.042714
1.300850	5.043349
1.300950	5.043983
1.301050	5.044618
1.301150	5.045253
1.301250	5.045887
1.301350	5.046522
1.301450	5.047157
1.301550	5.047792
1.301650	5.048427
1.301750	5.049062
1.301850	5.049697
1.301950	5.050333
1.302050	5.050968
1.302150	5.051604
1.302250	5.052239
1.302350	5.052875
1.302450	5.053510
1.302550	5.054146
1.302650	5.054782
1.302750	5.055418
1.302850	5.056054
1.302950	5.056690
1.303050	5.057326
1.303150	5.057962
1.303250	5.058598
1.303350	5.059235
1.303450	5.059871
1.303550	5.060507
1.303650	5.061144
1.303750	5.061780
1.303850	5.062417
1.303950	5.063054
1.304050	5.063691
1.304150	5.064328
1.304250	5.064965
1.304350	5.065602
1.304451	5.066239
1.304551	5.066876
1.304651	5.067513
1.304751	5.068151
1.304851	5.068788
1.304951	5.069426
1.305051	5.070063
1.305151	5.070701
1.305251	5.071339
1.305351	5.071976
1.305451	5.072614
1.305551	5.073252
1.305651	5.073890
1.305751	5.074528
1.305851	5.075166
1.305951	5.075805
1.306051	5.076443
1.306151	5.077081
1.306251	5.077720
1.306351	5.078358
1.306451	5.078997
1.306551	5.079636
1.306651	5.080275
1.306751	5.080913
1.306851	5.081552
1.306951	5.082191
1.307051	5.082830
1.307151	5.083469
1.307251	5.084108
1.307351	5.084748
1.307451	5.085387
1.307551	5.086027
1.307651	5.086666
1.307751	5.087306
1.307851	5.087945
1.307951	5.088585
1.308051	5.089225
1.308151	5.089865
1.308251	5.090505
1.308351	5.091145
1.308451	5.091784
1.308551	5.092425
1.308651	5.093065
1.308751	5.093705
1.308851	5.094346
1.308951	5.094986
1.309051	5.095627
1.309151	5.096267
1.309251	5.096908
1.309351	5.097548
1.309451	5.098189
1.309551	5.098830
1.309651	5.099471
1.309751	5.100112
1.309851	5.100753
1.309951	5.101395
1.400066	5.710161
1.400166	5.710872
1.400266	5.711583
1.400366	5.712295
1.400466	5.713006
1.400566	5.713717
1.400666	5.714429
1.400766	5.715141
1.400867	5.715852
1.400967	5.716564
1.401067	5.717276
1.401167	5.717988
1.401267	5.718700
1.401367	5.719412
1.401467	5.720125
1.401567	5.720837
1.401667	5.721549
1.401767	5.722262
1.401867	5.722974
1.401967	5.723687
1.402067	5.724400
1.402167	5.725112
1.402267	5.725825
1.402367	5.726538
1.402467	5.727251
1.402567	5.727964
1.402667	5.728678
1.402767	5.729391
1.402867	5.730104
1.402967	5.730818
1.403067	5.731531
1.403167	5.732245
1.403267	5.732958
1.403367	5.733672
1.403467	5.734386
1.403567	5.735100
1.403667	5.735814
1.403767	5.736528
1.403867	5.737242
1.403967	5.737957
1.404067	5.738671
1.404167	5.739386
1.404267	5.740100
1.404367	5.740815
1.404467	5.741529
1.404567	5.742244
1.404667	5.742959
1.404767	5.743674
1.404867	5.744389
1.404967	5.745104
1.405067	5.745819
1.405167	5.746534
1.405267	5.747250
1.405367	5.747965
1.405467	5.748680
1.405567	5.749396
1.405667	5.750112
1.405767	5.750827
1.405867	5.751543
1.405967	5.752259
1.406067	5.752975
1.406167	5.753691
1.406267	5.754407
1.406367	5.755123
1.406467	5.755840
1.406567	5.756556
1.406667	5.757272
1.406767	5.757989
1.406868	5.758706
1.406968	5.759422
1.407068	5.760139
1.407168	5.760856
1.407268	5.761573
1.407368	5.762290
1.407468	5.763007
1.407568	5.763724
1.407668	5.764441
1.407768	5.765159
1.407868	5.765876
1.407968	5.766594
1.408068	5.767312
1.408168	5.768029
1.408268	5.768747
1.408368	5.769465
1.408468	5.770183
1.408568	5.770901
1.408668	5.771619
1.408768	5.772337
1.408868	5.773055
1.408968	5.773774
1.409068	5.774492
1.409168	5.775210
1.409268	5.775929
1.409368	5.776648
1.409468	5.777367
1.409568	5.778085
1.409668	5.778804
1.409768	5.779523
1.409868	5.780242
1.409968	5.780962
1.500083	6.463243
1.500183	6.464039
1.500283	6.464836
1.500383	6.465632
1.500483	6.466429
1.500583	6.467226
1.500683	6.468023
1.500783	6.468820
1.500883	6.469617
1.500983	6.470414
1.501083	6.471211
1.501183	6.472009
1.501283	6.472806
1.501383	6.473604
1.501483	6.474401
1.501583	6.475199
1.501683	6.475997
1.501783	6.476795
1.501883	6.477593
1.501983	6.478391
1.502083	6.479189
1.502183	6.479988
1.502283	6.480786
1.502383	6.481585
1.502483	6.482383
1.502583	6.483182
1.502683	6.483981
1.502783	6.484779
1.502883	6.485579
1.502983	6.486377
1.503083	6.487176
1.503183	6.487976
1.503284	6.488775
1.503384	6.489574
1.503484	6.490374
1.503584	6.491173
1.503684	6.491973
1.503784	6.492773
1.503884	6.493573
1.503984	6.494372
1.504084	6.495173
1.504184	6.495973
1.504284	6.496773
1.504384	6.497573
1.504484	6.498374
1.504584	6.499174
1.504684	6.499974
1.504784	6.500775
1.504884	6.501575
1.504984	6.502377
1.505084	6.503177
1.505184	6.503978
1.505284	6.504779
1.505384	6.505580
1.505484	6.506382
1.505584	6.507183
1.505684	6.507985
1.505784	6.508786
1.505884	6.509588
1.505984	6.510390
1.506084	6.511191
1.506184	6.511993
1.506284	6.512795
1.506384	6.513597
1.506484	6.514400
1.506584	6.515202
1.506684	6.516004
1.506784	6.516807
1.506884	6.517609
1.506984	6.518412
1.507084	6.519215
1.507184	6.520017
1.507284	6.520820
1.507384	6.521623
1.507484	6.522426
1.507584	6.523229
1.507684	6.524033
1.507784	6.524836
1.507884	6.525640
1.507984	6.526443
1.508084	6.527246
1.508184	6.528050
1.508284	6.528854
1.508384	6.529658
1.508484	6.530462
1.508584	6.531266
1.508684	6.532070
1.508784	6.532874
1.508884	6.533679
1.508984	6.534483
1.509084	6.535287
1.509184	6.536092
1.509284	6.536897
1.509385	6.537702
1.509485	6.538507
1.509585	6.539311
1.509685	6.540116
1.509785	6.540922
1.509885	6.541727
1.509985	6.542532
1.600100	7.306061
1.600200	7.306952
1.600300	7.307843
1.600400	7.308733
1.600500	7.309625
1.600600	7.310516
1.600700	7.311407
1.600800	7.312298
1.600900	7.313190
1.601000	7.314082
1.601100	7.314973
1.601200	7.315865
1.601300	7.316757
1.601400	7.317649
1.601500	7.318541
1.601600	7.319433
1.601700	7.320325
1.601800	7.321218
1.601900	7.322111
1.602000	7.323003
1.602100	7.323896
1.602200	7.324789
1.602300	7.325681
1.602400	7.326574
1.602500	7.327467
1.602600	7.328361
1.602700	7.329254
1.602800	7.330147
1.602900	7.331041
1.603000	7.331934
1.603100	7.332828
1.603200	7.333722
1.603300	7.334616
1.603400	7.335510
1.603500	7.336404
1.603600	7.337298
1.603700	7.338192
1.603800	7.339087
1.603900	7.339981
1.604000	7.340876
1.604100	7.341770
1.604200	7.342665
1.604300	7.343560
1.604400	7.344455
1.604500	7.345350
1.604600	7.346245
1.604700	7.347140
1.604800	7.348036
1.604900	7.348931
1.605000	7.349827
1.605100	7.350723
1.605200	7.351618
1.605300	7.352514
1.605400	7.353410
1.605500	7.354306
1.605600	7.355202
1.605700	7.356099
1.605801	7.356995
1.605901	7.357892
1.606001	7.358788
1.606101	7.359685
1.606201	7.360581
1.606301	7.361478
1.606401	7.362375
1.606501	7.363273
1.606601	7.364170
1.606701	7.365067
1.606801	7.365964
1.606901	7.366862
1.607001	7.367759
1.607101	7.368657
1.607201	7.369555
1.607301	7.370452
1.607401	7.371350
1.607501	7.372249
1.607601	7.373147
1.607701	7.374045
1.607801	7.374943
1.607901	7.375842
1.608001	7.376740
1.608101	7.377639
1.608201	7.378538
1.608301	7.379436
1.608401	7.380336
1.608501	7.381235
1.608601	7.382134
1.608701	7.383033
1.608801	7.383933
1.608901	7.384832
1.609001	7.385732
1.609101	7.386631
1.609201	7.387531
1.609301	7.388431
1.609401	7.389331
1.609501	7.390231
1.609601	7.391131
1.609701	7.392031
1.609801	7.392931
1.609901	7.393832
1.700016	8.247061
1.700116	8.248055
1.700216	8.249050
1.700316	8.250046
1.700416	8.251040
1.700516	8.252036
1.700616	8.253032
1.700716	8.254027
1.700816	8.255023
1.700916	8.256019
1.701016	8.257014
1.701116	8.258011
1.701216	8.259007
1.701316	8.260003
1.701416	8.261000
1.701516	8.261995
1.701616	8.262992
1.701716	8.263988
1.701816	8.264986
1.701916	8.265983
1.702016	8.266979
1.702116	8.267977
1.702217	8.268974
1.702317	8.269971
1.702417	8.270968
1.702517	8.271966
1.702617	8.272964
1.702717	8.273962
1.702817	8.274960
1.702917	8.275957
1.703017	8.276956
1.703117	8.277954
1.703217	8.278953
1.703317	8.279950
1.703417	8.280950
1.703517	8.281948
1.703617	8.282947
1.703717	8.283945
1.703817	8.284945
1.703917	8.285943
1.704017	8.286942
1.704117	8.287942
1.704217	8.288941
1.704317	8.289941
1.704417	8.290940
1.704517	8.291941
1.704617	8.292940
1.704717	8.293941
1.704817	8.294940
1.704917	8.295940
1.705017	8.296941
1.705117	8.297941
1.705217	8.298942
1.705317	8.299942
1.705417	8.300943
1.705517	8.301944
1.705617	8.302945
1.705717	8.303946
1.705817	8.304947
1.705917	8.305948
1.706017	8.306950
1.706117	8.307951
1.706217	8.308953
1.706317	8.309955
1.706417	8.310956
1.706517	8.311958
1.706617	8.312961
1.706717	8.313963
1.706817	8.314965
1.706917	8.315968
1.707017	8.316970
1.707117	8.317972
1.707217	8.318975
1.707317	8.319978
1.707417	8.320981
1.707517	8.321984
1.707617	8.322987
1.707717	8.323990
1.707817	8.324994
1.707917	8.325997
1.708017	8.327001
1.708117	8.328005
1.708218	8.329008
1.708318	8.330012
1.708418	8.331017
1.708518	8.332021
1.708618	8.333025
1.708718	8.334029
1.708818	8.335033
1.708918	8.336039
1.709018	8.337043
1.709118	8.338048
1.709218	8.339052
1.709318	8.340057
1.709418	8.341063
1.709518	8.342068
1.709618	8.343074
1.709718	8.344079
1.709818	8.345084
1.709918	8.346090
1.800033	9.298548
1.800133	9.299658
1.800233	9.300769
1.800333	9.301879
1.800433	9.302989
1.800533	9.304100
1.800633	9.305210
1.800733	9.306321
1.800833	9.307432
1.800933	9.308543
1.801033	9.309654
1.801133	9.310766
1.801233	9.311877
1.801333	9.312989
1.801433	9.314100
1.801533	9.315212
1.801633	9.316324
1.801733	9.317436
1.801833	9.318548
1.801933	9.319660
1.802033	9.320773
1.802133	9.321885
1.802233	9.322998
1.802333	9.324111
1.802433	9.325224
1.802533	9.326337
1.802633	9.327450
1.802733	9.328563
1.802833	9.329677
1.802933	9.330791
1.803033	9.331903
1.803133	9.333017
1.803233	9.334131
1.803333	9.335245
1.803433	9.336359
1.803533	9.337474
1.803633	9.338588
1.803733	9.339703
1.803833	9.340816
1.803933	9.341931
1.804033	9.343046
1.804133	9.344161
1.804233	9.345277
1.804333	9.346392
1.804433	9.347507
1.804533	9.348622
1.804633	9.349738
1.804734	9.350854
1.804834	9.351970
1.804934	9.353086
1.805034	9.354201
1.805134	9.355317
1.805234	9.356434
1.805334	9.357551
1.805434	9.358666
1.805534	9.359783
1.805634	9.360900
1.805734	9.362017
1.805834	9.363134
1.805934	9.364251
1.806034	9.365369
1.806134	9.366486
1.806234	9.367603
1.806334	9.368721
1.806434	9.369839
1.806534	9.370956
1.806634	9.372074
1.806734	9.373193
1.806834	9.374310
1.806934	9.375429
1.807034	9.376548
1.807134	9.377666
1.807234	9.378785
1.807334	9.379904
1.807434	9.381022
1.807534	9.382142
1.807634	9.383261
1.807734	9.384380
1.807834	9.385500
1.807934	9.386620
1.808034	9.387739
1.808134	9.388859
1.808234	9.389978
1.808334	9.391099
1.808434	9.392219
1.808534	9.393339
1.808634	9.394460
1.808734	9.395580
1.808834	9.396701
1.808934	9.397821
1.809034	9.398943
1.809134	9.400064
1.809234	9.401185
1.809334	9.402307
1.809434	9.403427
1.809534	9.404549
1.809634	9.405671
1.809734	9.406793
1.809834	9.407914
1.809934	9.409037
1.900049	10.471162
1.900149	10.472399
1.900249	10.473637
1.900349	10.474874
1.900449	10.476112
1.900549	10.477350
1.900649	10.478588
1.900749	10.479826
1.900849	10.481065
1.900949	10.482303
1.901049	10.483541
1.901150	10.484780
1.901250	10.486019
1.901350	10.487258
1.901450	10.488498
1.901550	10.489737
1.901650	10.490976
1.901750	10.492215
1.901850	10.493455
1.901950	10.494695
1.902050	10.495934
1.902150	10.497175
1.902250	10.498415
1.902350	10.499656
1.902450	10.500896
1.902550	10.502136
1.902650	10.503377
1.902750	10.504618
1.902850	10.505859
1.902950	10.507100
1.903050	10.508342
1.903150	10.509583
1.903250	10.510824
1.903350	10.512066
1.903450	10.513308
1.903550	10.514550
1.903650	10.515792
1.903750	10.517035
1.903850	10.518276
1.903950	10.519519
1.904050	10.520761
1.904150	10.522004
1.904250	10.523247
1.904350	10.524490
1.904450	10.525733
1.904550	10.526977
1.904650	10.528220
1.904750	10.529464
1.904850	10.530707
1.904950	10.531951
1.905050	10.533195
1.905150	10.534439
1.905250	10.535684
1.905350	10.536928
1.905450	10.538173
1.905550	10.539417
1.905650	10.540662
1.905750	10.541906
1.905850	10.543152
1.905950	10.544396
1.906050	10.545642
1.906150	10.546887
1.906250	10.548133
1.906350	10.549378
1.906450	10.550625
1.906550	10.551870
1.906650	10.553117
1.906750	10.554363
1.906850	10.555610
1.906950	10.556856
1.907050	10.558103
1.907151	10.559349
1.907251	10.560596
1.907351	10.561843
1.907451	10.563090
1.907551	10.564338
1.907651	10.565585
1.907751	10.566833
1.907851	10.568081
1.907951	10.569328
1.908051	10.570577
1.908151	10.571824
1.908251	10.573072
1.908351	10.574321
1.908451	10.575569
1.908551	10.576818
1.908651	10.578067
1.908751	10.579316
1.908851	10.580565
1.908951	10.581814
1.909051	10.583064
1.909151	10.584313
1.909251	10.585563
1.909351	10.586812
1.909451	10.588062
1.909551	10.589313
1.909651	10.590563
1.909751	10.591813
1.909851	10.593063
1.909951	10.594314
2.000066	11.777642
2.000166	11.779018
2.000266	11.780396
2.000365	11.781773
2.000465	11.783149
2.000565	11.784526
2.000665	11.785903
2.000765	11.787280
2.000865	11.788658
2.000965	11.790035
2.001065	11.791413
2.001165	11.792791
2.001265	11.794169
2.001364	11.795547
2.001464	11.796926
2.001564	11.798305
2.001664	11.799683
2.001764	11.801062
2.001864	11.802441
2.001964	11.803820
2.002064	11.805199
2.002164	11.806579
2.002264	11.807958
2.002363	11.809338
2.002463	11.810718
2.002563	11.812098
2.002663	11.813478
2.002763	11.814857
2.002863	11.816238
2.002963	11.817618
2.003063	11.818999
2.003163	11.820380
2.003263	11.821761
2.003362	11.823142
2.003462	11.824524
2.003562	11.825905
2.003662	11.827287
2.003762	11.828669
2.003862	11.830050
2.003962	11.831432
2.004062	11.832814
2.004162	11.834197
2.004261	11.835579
2.004361	11.836962
2.004461	11.838345
2.004561	11.839727
2.004661	11.841110
2.004761	11.842494
2.004861	11.843877
2.004961	11.845261
2.005061	11.846644
2.005161	11.848028
2.005260	11.849412
2.005360	11.850797
2.005460	11.852180
2.005560	11.853565
2.005660	11.854950
2.005760	11.856335
2.005860	11.857719
2.005960	11.859104
2.006060	11.860489
2.006160	11.861875
2.006259	11.863260
2.006359	11.864646
2.006459	11.866032
2.006559	11.867417
2.006659	11.868803
2.006759	11.870190
2.006859	11.871575
2.006959	11.872962
2.007059	11.874349
2.007159	11.875735
2.007258	11.877123
2.007358	11.878510
2.007458	11.879897
2.007558	11.881285
2.007658	11.882671
2.007758	11.884060
2.007858	11.885448
2.007958	11.886835
2.008058	11.888224
2.008157	11.889611
2.008257	11.891000
2.008357	11.892388
2.008457	11.893777
2.008557	11.895166
2.008657	11.896555
2.008757	11.897944
2.008857	11.899334
2.008957	11.900723
2.009057	11.902113
2.009156	11.903502
2.009256	11.904892
2.009356	11.906282
2.009456	11.907673
2.009556	11.909063
2.009656	11.910454
2.009756	11.911844
2.009856	11.913235
2.009956	11.914626
2.100063	13.231775
2.100163	13.233307
2.100263	13.234838
2.100363	13.236371
2.100463	13.237904
2.100563	13.239435
2.100662	13.240968
2.100762	13.242500
2.100862	13.244034
2.100962	13.245566
2.101062	13.247100
2.101162	13.248632
2.101262	13.250166
2.101362	13.251700
2.101462	13.253234
2.101562	13.254767
2.101661	13.256302
2.101761	13.257836
2.101861	13.259371
2.101961	13.260905
2.102061	13.262440
2.102161	13.263975
2.102261	13.265511
2.102361	13.267045
2.102461	13.268580
2.102561	13.270117
2.102660	13.271652
2.102760	13.273188
2.102860	13.274724
2.102960	13.276260
2.103060	13.277797
2.103160	13.279333
2.103260	13.280870
2.103360	13.282407
2.103460	13.283944
2.103559	13.285481
2.103659	13.287019
2.103759	13.288556
2.103859	13.290094
2.103959	13.291632
2.104059	13.293170
2.104159	13.294708
2.104259	13.296247
2.104359	13.297785
2.104459	13.299324
2.104558	13.300862
2.104658	13.302402
2.104758	13.303941
2.104858	13.305480
2.104958	13.307020
2.105058	13.308559
2.105158	13.310100
2.105258	13.311640
2.105358	13.313180
2.105458	13.314720
2.105557	13.316260
2.105657	13.317801
2.105757	13.319342
2.105857	13.320883
2.105957	13.322424
2.106057	13.323965
2.106157	13.325507
2.106257	13.327048
2.106357	13.328590
2.106457	13.330132
2.106556	13.331675
2.106656	13.333217
2.106756	13.334760
2.106856	13.336302
2.106956	13.337845
2.107056	13.339388
2.107156	13.340931
2.107256	13.342474
2.107356	13.344018
2.107455	13.345561
2.107555	13.347105
2.107655	13.348649
2.107755	13.350193
2.107855	13.351737
2.107955	13.353282
2.108055	13.354826
2.108155	13.356371
2.108255	13.357916
2.108355	13.359461
2.108454	13.361007
2.108554	13.362552
2.108654	13.364098
2.108754	13.365644
2.108854	13.367189
2.108954	13.368735
2.109054	13.370281
2.109154	13.371828
2.109254	13.373375
2.109354	13.374921
2.109453	13.376469
2.109553	13.378016
2.109653	13.379562
2.109753	13.381110
2.109853	13.382657
2.109953	13.384205
2.200060	14.849353
2.200160	14.851056
2.200260	14.852759
2.200360	14.854464
2.200460	14.856167
2.200560	14.857871
2.200660	14.859575
2.200760	14.861279
2.200860	14.862985
2.200959	14.864689
2.201059	14.866394
2.201159	14.868099
2.201259	14.869804
2.201359	14.871510
2.201459	14.873216
2.201559	14.874921
2.201659	14.876627
2.201759	14.878333
2.201859	14.880039
2.201958	14.881746
2.202058	14.883452
2.202158	14.885159
2.202258	14.886867
2.202358	14.888574
2.202458	14.890282
2.202558	14.891989
2.202658	14.893697
2.202758	14.895405
2.202857	14.897113
2.202957	14.898821
2.203057	14.900530
2.203157	14.902238
2.203257	14.903947
2.203357	14.905656
2.203457	14.907366
2.203557	14.909075
2.203657	14.910785
2.203757	14.912495
2.203856	14.914205
2.203956	14.915915
2.204056	14.917624
2.204156	14.919335
2.204256	14.921045
2.204356	14.922756
2.204456	14.924468
2.204556	14.926179
2.204656	14.927890
2.204756	14.929602
2.204855	14.931314
2.204955	14.933025
2.205055	14.934737
2.205155	14.936450
2.205255	14.938163
2.205355	14.939875
2.205455	14.941588
2.205555	14.943301
2.205655	14.945014
2.205755	14.946728
2.205854	14.948442
2.205954	14.950155
2.206054	14.951869
2.206154	14.953583
2.206254	14.955297
2.206354	14.957011
2.206454	14.958726
2.206554	14.960442
2.206654	14.962156
2.206753	14.963871
2.206853	14.965587
2.206953	14.967302
2.207053	14.969018
2.207153	14.970734
2.207253	14.972450
2.207353	14.974167
2.207453	14.975883
2.207553	14.977599
2.207653	14.979317
2.207752	14.981033
2.207852	14.982751
2.207952	14.984468
2.208052	14.986185
2.208152	14.987904
2.208252	14.989621
2.208352	14.991340
2.208452	14.993057
2.208552	14.994776
2.208652	14.996494
2.208751	14.998214
2.208851	14.999932
2.208951	15.001652
2.209051	15.003371
2.209151	15.005091
2.209251	15.006810
2.209351	15.008531
2.209451	15.010250
2.209551	15.011971
2.209651	15.013691
2.209750	15.015411
2.209850	15.017133
2.209950	15.018853
2.300058	16.647564
2.300158	16.649458
2.300257	16.651350
2.300357	16.653244
2.300457	16.655138
2.300557	16.657030
2.300657	16.658924
2.300757	16.660818
2.300857	16.662714
2.300957	16.664608
2.301057	16.666502
2.301157	16.668398
2.301256	16.670292
2.301356	16.672188
2.301456	16.674084
2.301556	16.675980
2.301656	16.677876
2.301756	16.679771
2.301856	16.681667
2.301956	16.683563
2.302056	16.685461
2.302155	16.687357
2.302255	16.689255
2.302355	16.691153
2.302455	16.693048
2.302555	16.694946
2.302655	16.696844
2.302755	16.698742
2.302855	16.700642
2.302955	16.702539
2.303055	16.704439
2.303154	16.706337
2.303254	16.708237
2.303354	16.710136
2.303454	16.712034
2.303554	16.713934
2.303654	16.715836
2.303754	16.717735
2.303854	16.719635
2.303954	16.721535
2.304054	16.723436
2.304153	16.725338
2.304253	16.727238
2.304353	16.729139
2.304453	16.731041
2.304553	16.732943
2.304653	16.734844
2.304753	16.736746
2.304853	16.738649
2.304953	16.740551
2.305053	16.742455
2.305152	16.744356
2.305252	16.746260
2.305352	16.748163
2.305452	16.750067
2.305552	16.751970
2.305652	16.753874
2.305752	16.755779
2.305852	16.757683
2.305952	16.759586
2.306051	16.761492
2.306151	16.763397
2.306251	16.765303
2.306351	16.767208
2.306451	16.769114
2.306551	16.771019
2.306651	16.772924
2.306751	16.774830
2.306851	16.776737
2.306951	16.778643
2.307050	16.780550
2.307150	16.782457
2.307250	16.784365
2.307350	16.786270
2.307450	16.788179
2.307550	16.790087
2.307650	16.791994
2.307750	16.793901
2.307850	16.795811
2.307950	16.797720
2.308049	16.799627
2.308149	16.801537
2.308249	16.803446
2.308349	16.805355
2.308449	16.807264
2.308549	16.809174
2.308649	16.811085
2.308749	16.812994
2.308849	16.814905
2.308949	16.816814
2.309048	16.818726
2.309148	16.820637
2.309248	16.822548
2.309348	16.824459
2.309448	16.826370
2.309548	16.828281
2.309648	16.830194
2.309748	16.832106
2.309848	16.834019
2.309947	16.835932
2.400055	18.645407
2.400155	18.647509
2.400255	18.649612
2.400355	18.651714
2.400455	18.653818
2.400554	18.655922
2.400654	18.658024
2.400754	18.660128
2.400854	18.662233
2.400954	18.664337
2.401054	18.666441
2.401154	18.668547
2.401254	18.670650
2.401354	18.672756
2.401453	18.674862
2.401553	18.676968
2.401653	18.679073
2.401753	18.681179
2.401853	18.683285
2.401953	18.685390
2.402053	18.687498
2.402153	18.689606
2.402253	18.691711
2.402353	18.693819
2.402452	18.695927
2.402552	18.698034
2.402652	18.700142
2.402752	18.702251
2.402852	18.704359
2.402952	18.706469
2.403052	18.708576
2.403152	18.710686
2.403252	18.712795
2.403352	18.714905
2.403451	18.717014
2.403551	18.719124
2.403651	18.721235
2.403751	18.723345
2.403851	18.725456
2.403951	18.727566
2.404051	18.729677
2.404151	18.731789
2.404251	18.733900
2.404351	18.736012
2.404450	18.738125
2.404550	18.740236
2.404650	18.742350
2.404750	18.744461
2.404850	18.746574
2.404950	18.748688
2.405050	18.750801
2.405150	18.752914
2.405250	18.755028
2.405349	18.757141
2.405449	18.759256
2.405549	18.761370
2.405649	18.763485
2.405749	18.765600
2.405849	18.767715
2.405949	18.769831
2.406049	18.771946
2.406149	18.774061
2.406249	18.776178
2.406348	18.778294
2.406448	18.780411
2.406548	18.782526
2.406648	18.784643
2.406748	18.786760
2.406848	18.788877
2.406948	18.790995
2.407048	18.793114
2.407148	18.795231
2.407248	18.797350
2.407347	18.799467
2.407447	18.801586
2.407547	18.803705
2.407647	18.805824
2.407747	18.807943
2.407847	18.810062
2.407947	18.812183
2.408047	18.814302
2.408147	18.816423
2.408247	18.818542
2.408346	18.820663
2.408446	18.822784
2.408546	18.824905
2.408646	18.827026
2.408746	18.829147
2.408846	18.831270
2.408946	18.833391
2.409046	18.835514
2.409146	18.837637
2.409245	18.839760
2.409345	18.841883
2.409445	18.844006
2.409545	18.846128
2.409645	18.848251
2.409745	18.850376
2.409845	18.852499
2.409945	18.854624
2.500052	20.863874
2.500152	20.866207
2.500252	20.868542
2.500352	20.870876
2.500452	20.873211
2.500552	20.875547
2.500652	20.877882
2.500751	20.880219
2.500851	20.882553
2.500951	20.884890
2.501051	20.887226
2.501151	20.889563
2.501251	20.891899
2.501351	20.894236
2.501451	20.896574
2.501551	20.898911
2.501651	20.901249
2.501750	20.903587
2.501850	20.905926
2.501950	20.908264
2.502050	20.910603
2.502150	20.912941
2.502250	20.915281
2.502350	20.917620
2.502450	20.919960
2.502550	20.922300
2.502650	20.924639
2.502749	20.926981
2.502849	20.929321
2.502949	20.931662
2.503049	20.934004
2.503149	20.936344
2.503249	20.938686
2.503349	20.941029
2.503449	20.943371
2.503549	20.945713
2.503649	20.948055
2.503748	20.950397
2.503848	20.952742
2.503948	20.955084
2.504048	20.957428
2.504148	20.959772
2.504248	20.962116
2.504348	20.964460
2.504448	20.966805
2.504548	20.969151
2.504647	20.971495
2.504747	20.973841
2.504847	20.976185
2.504947	20.978531
2.505047	20.980877
2.505147	20.983223
2.505247	20.985571
2.505347	20.987917
2.505447	20.990265
2.505547	20.992611
2.505646	20.994959
2.505746	20.997307
2.505846	20.999655
2.505946	21.002003
2.506046	21.004351
2.506146	21.006701
2.506246	21.009048
2.506346	21.011398
2.506446	21.013748
2.506546	21.016098
2.506645	21.018448
2.506745	21.020798
2.506845	21.023148
2.506945	21.025499
2.507045	21.027849
2.507145	21.030201
2.507245	21.032553
2.507345	21.034904
2.507445	21.037256
2.507545	21.039608
2.507644	21.041960
2.507744	21.044313
2.507844	21.046667
2.507944	21.049019
2.508044	21.051373
2.508144	21.053726
2.508244	21.056080
2.508344	21.058434
2.508444	21.060789
2.508543	21.063143
2.508643	21.065498
2.508743	21.067854
2.508843	21.070210
2.508943	21.072565
2.509043	21.074921
2.509143	21.077276
2.509243	21.079632
2.509343	21.081989
2.509443	21.084347
2.509542	21.086702
2.509642	21.089060
2.509742	21.091417
2.509842	21.093775
2.509942	21.096134
2.600049	23.326170
2.600149	23.328760
2.600249	23.331350
2.600349	23.333941
2.600449	23.336531
2.600549	23.339123
2.600649	23.341713
2.600749	23.344305
2.600849	23.346897
2.600949	23.349489
2.601048	23.352083
2.601148	23.354675
2.601248	23.357267
2.601348	23.359861
2.601448	23.362455
2.601548	23.365049
2.601648	23.367643
2.601748	23.370237
2.601848	23.372831
2.601948	23.375427
2.602047	23.378021
2.602147	23.380617
2.602247	23.383213
2.602347	23.385809
2.602447	23.388405
2.602547	23.391003
2.602647	23.393599
2.602747	23.396196
2.602847	23.398794
2.602947	23.401390
2.603046	23.403990
2.603146	23.406588
2.603246	23.409185
2.603346	23.411785
2.603446	23.414383
2.603546	23.416983
2.603646	23.419582
2.603746	23.422182
2.603846	23.424782
2.603945	23.427382
2.604045	23.429983
2.604145	23.432583
2.604245	23.435184
2.604345	23.437786
2.604445	23.440388
2.604545	23.442989
2.604645	23.445591
2.604745	23.448195
2.604845	23.450796
2.604944	23.453400
2.605044	23.456003
2.605144	23.458607
2.605244	23.461210
2.605344	23.463816
2.605444	23.466419
2.605544	23.469025
2.605644	23.471628
2.605744	23.474234
2.605844	23.476839
2.605943	23.479445
2.606043	23.482052
2.606143	23.484657
2.606243	23.487265
2.606343	23.489870
2.606443	23.492477
2.606543	23.495085
2.606643	23.497692
2.606743	23.500301
2.606843	23.502909
2.606942	23.505518
2.607042	23.508125
2.607142	23.510735
2.607242	23.513344
2.607342	23.515953
2.607442	23.518562
2.607542	23.521173
2.607642	23.523783
2.607742	23.526394
2.607841	23.529005
2.607941	23.531616
2.608041	23.534227
2.608141	23.536839
2.608241	23.539452
2.608341	23.542063
2.608441	23.544676
2.608541	23.547289
2.608641	23.549902
2.608741	23.552515
2.608840	23.555128
2.608940	23.557743
2.609040	23.560356
2.609140	23.562971
2.609240	23.565586
2.609340	23.568201
2.609440	23.570816
2.609540	23.573431
2.609640	23.576046
2.609740	23.578663
2.609839	23.581280
2.609939	23.583895
2.700047	26.057936
2.700147	26.060808
2.700247	26.063683
2.700346	26.066555
2.700446	26.069429
2.700546	26.072304
2.700646	26.075178
2.700746	26.078053
2.700846	26.080929
2.700946	26.083803
2.701046	26.086679
2.701146	26.089556
2.701246	26.092432
2.701345	26.095308
2.701445	26.098185
2.701545	26.101061
2.701645	26.103939
2.701745	26.106817
2.701845	26.109695
2.701945	26.112574
2.702045	26.115452
2.702145	26.118330
2.702245	26.121210
2.702344	26.124090
2.702444	26.126970
2.702544	26.129850
2.702644	26.132730
2.702744	26.135611
2.702844	26.138493
2.702944	26.141373
2.703044	26.144255
2.703144	26.147137
2.703243	26.150019
2.703343	26.152901
2.703443	26.155785
2.703543	26.158667
2.703643	26.161551
2.703743	26.164434
2.703843	26.167318
2.703943	26.170202
2.704043	26.173088
2.704143	26.175972
2.704242	26.178858
2.704342	26.181744
2.704442	26.184629
2.704542	26.187515
2.704642	26.190401
2.704742	26.193287
2.704842	26.196175
2.704942	26.199062
2.705042	26.201950
2.705142	26.204838
2.705241	26.207726
2.705341	26.210613
2.705441	26.213503
2.705541	26.216393
2.705641	26.219282
2.705741	26.222172
2.705841	26.225061
2.705941	26.227951
2.706041	26.230843
2.706141	26.233732
2.706240	26.236624
2.706340	26.239515
2.706440	26.242407
2.706540	26.245298
2.706640	26.248192
2.706740	26.251083
2.706840	26.253977
2.706940	26.256870
2.707040	26.259764
2.707139	26.262657
2.707239	26.265553
2.707339	26.268446
2.707439	26.271341
2.707539	26.274237
2.707639	26.277132
2.707739	26.280027
2.707839	26.282923
2.707939	26.285820
2.708039	26.288715
2.708138	26.291613
2.708238	26.294510
2.708338	26.297407
2.708438	26.300304
2.708538	26.303204
2.708638	26.306101
2.708738	26.309000
2.708838	26.311899
2.708938	26.314798
2.709038	26.317698
2.709137	26.320597
2.709237	26.323498
2.709337	26.326397
2.709437	26.329298
2.709537	26.332199
2.709637	26.335100
2.709737	26.338003
2.709837	26.340904
2.709937	26.343807
2.800044	29.087513
2.800144	29.090698
2.800244	29.093885
2.800344	29.097071
2.800444	29.100258
2.800544	29.103445
2.800643	29.106632
2.800743	29.109819
2.800843	29.113007
2.800943	29.116196
2.801043	29.119385
2.801143	29.122574
2.801243	29.125763
2.801343	29.128952
2.801443	29.132141
2.801543	29.135332
2.801642	29.138523
2.801742	29.141714
2.801842	29.144905
2.801942	29.148096
2.802042	29.151289
2.802142	29.154480
2.802242	29.157673
2.802342	29.160866
2.802442	29.164059
2.802541	29.167252
2.802641	29.170446
2.802741	29.173641
2.802841	29.176834
2.802941	29.180029
2.803041	29.183226
2.803141	29.186420
2.803241	29.189617
2.803341	29.192812
2.803441	29.196009
2.803540	29.199205
2.803640	29.202402
2.803740	29.205601
2.803840	29.208797
2.803940	29.211996
2.804040	29.215195
2.804140	29.218393
2.804240	29.221592
2.804340	29.224792
2.804440	29.227991
2.804539	29.231192
2.804639	29.234392
2.804739	29.237593
2.804839	29.240795
2.804939	29.243996
2.805039	29.247198
2.805139	29.250401
2.805239	29.253603
2.805339	29.256805
2.805439	29.260008
2.805538	29.263212
2.805638	29.266415
2.805738	29.269619
2.805838	29.272823
2.805938	29.276028
2.806038	29.279234
2.806138	29.282438
2.806238	29.285645
2.806338	29.288851
2.806437	29.292057
2.806537	29.295263
2.806637	29.298471
2.806737	29.301678
2.806837	29.304886
2.806937	29.308094
2.807037	29.311302
2.807137	29.314510
2.807237	29.317720
2.807337	29.320929
2.807436	29.324139
2.807536	29.327349
2.807636	29.330559
2.807736	29.333771
2.807836	29.336981
2.807936	29.340193
2.808036	29.343405
2.808136	29.346617
2.808236	29.349829
2.808336	29.353041
2.808435	29.356255
2.808535	29.359467
2.808635	29.362680
2.808735	29.365894
2.808835	29.369110
2.808935	29.372324
2.809035	29.375538
2.809135	29.378754
2.809235	29.381969
2.809335	29.385185
2.809434	29.388403
2.809534	29.391619
2.809634	29.394836
2.809734	29.398052
2.809834	29.401270
2.809934	29.404488
2.900041	32.446220
2.900141	32.449753
2.900241	32.453285
2.900341	32.456814
2.900441	32.460346
2.900541	32.463879
2.900641	32.467415
2.900741	32.470947
2.900841	32.474480
2.900940	32.478016
2.901040	32.481548
2.901140	32.485085
2.901240	32.488621
2.901340	32.492153
2.901440	32.495689
2.901540	32.499226
2.901640	32.502762
2.901740	32.506302
2.901839	32.509838
2.901939	32.513374
2.902039	32.516914
2.902139	32.520451
2.902239	32.523991
2.902339	32.527531
2.902439	32.531071
2.902539	32.534611
2.902639	32.538151
2.902739	32.541691
2.902838	32.545231
2.902938	32.548771
2.903038	32.552315
2.903138	32.555855
2.903238	32.559399
2.903338	32.562943
2.903438	32.566486
2.903538	32.570026
2.903638	32.573570
2.903738	32.577118
2.903837	32.580662
2.903937	32.584206
2.904037	32.587749
2.904137	32.591297
2.904237	32.594841
2.904337	32.598389
2.904437	32.601936
2.904537	32.605484
2.904637	32.609032
2.904737	32.612579
2.904836	32.616127
2.904936	32.619675
2.905036	32.623226
2.905136	32.626774
2.905236	32.630325
2.905336	32.633873
2.905436	32.637424
2.905536	32.640976
2.905636	32.644527
2.905735	32.648079
2.905835	32.651630
2.905935	32.655182
2.906035	32.658733
2.906135	32.662289
2.906235	32.665840
2.906335	32.669395
2.906435	32.672947
2.906535	32.676502
2.906635	32.680058
2.906734	32.683613
2.906834	32.687168
2.906934	32.690723
2.907034	32.694283
2.907134	32.697838
2.907234	32.701393
2.907334	32.704952
2.907434	32.708511
2.907534	32.712067
2.907634	32.715626
2.907733	32.719185
2.907833	32.722744
2.907933	32.726303
2.908033	32.729862
2.908133	32.733425
2.908233	32.736984
2.908333	32.740547
2.908433	32.744106
2.908533	32.747669
2.908633	32.751232
2.908732	32.754795
2.908832	32.758358
2.908932	32.761921
2.909032	32.765484
2.909132	32.769047
2.909232	32.772614
2.909332	32.776176
2.909432	32.779743
2.909532	32.783306
2.909631	32.786873
2.909731	32.790440
2.909831	32.794006
2.909931	32.797573
3.000039	36.168674
3.000139	36.172588
3.000238	36.176498
3.000338	36.180412
3.000438	36.184330
3.000538	36.188244
3.000638	36.192158
3.000738	36.196072
3.000838	36.199989
3.000938	36.203907
3.001038	36.207821
3.001137	36.211739
3.001237	36.215656
3.001337	36.219574
3.001437	36.223492
3.001537	36.227413
3.001637	36.231331
3.001737	36.235249
3.001837	36.239170
3.001937	36.243092
3.002037	36.247009
3.002136	36.250931
3.002236	36.254852
3.002336	36.258774
3.002436	36.262699
3.002536	36.266621
3.002636	36.270542
3.002736	36.274467
3.002836	36.278389
3.002936	36.282314
3.003036	36.286240
3.003135	36.290165
3.003235	36.294090
3.003335	36.298016
3.003435	36.301941
3.003535	36.305870
3.003635	36.309795
3.003735	36.313725
3.003835	36.317650
3.003935	36.321579
3.004035	36.325508
3.004134	36.329437
3.004234	36.333366
3.004334	36.337296
3.004434	36.341228
3.004534	36.345158
3.004634	36.349091
3.004734	36.353020
3.004834	36.356953
3.004934	36.360886
3.005033	36.364819
3.005133	36.368752
3.005233	36.372684
3.005333	36.376617
3.005433	36.380554
3.005533	36.384487
3.005633	36.388424
3.005733	36.392357
3.005833	36.396294
3.005933	36.400230
3.006032	36.404167
3.006132	36.408104
3.006232	36.412041
3.006332	36.415981
3.006432	36.419918
3.006532	36.423859
3.006632	36.427795
3.006732	36.431736
3.006832	36.435677
3.006932	36.439617
3.007031	36.443558
3.007131	36.447498
3.007231	36.451439
3.007331	36.455383
3.007431	36.459324
3.007531	36.463268
3.007631	36.467209
3.007731	36.471153
3.007831	36.475098
3.007931	36.479042
3.008030	36.482986
3.008130	36.486931
3.008230	36.490879
3.008330	36.494823
3.008430	36.498772
3.008530	36.502716
3.008630	36.506664
3.008730	36.510612
3.008830	36.514561
3.008929	36.518509
3.009029	36.522457
3.009129	36.526405
3.009229	36.530357
3.009329	36.534306
3.009429	36.538258
3.009529	36.542210
3.009629	36.546158
3.009729	36.550110
3.009829	36.554062
3.009928	36.558018
3.100036	40.293125
3.100136	40.297462
3.100236	40.301796
3.100336	40.306133
3.100435	40.310467
3.100535	40.314804
3.100635	40.319141
3.100735	40.323479
3.100835	40.327820
3.100935	40.332157
3.101035	40.336498
3.101135	40.340836
3.101235	40.345177
3.101335	40.349518
3.101434	40.353859
3.101534	40.358200
3.101634	40.362541
3.101734	40.366882
3.101834	40.371223
3.101934	40.375568
3.102034	40.379910
3.102134	40.384254
3.102234	40.388599
3.102334	40.392944
3.102433	40.397289
3.102533	40.401634
3.102633	40.405983
3.102733	40.410328
3.102833	40.414677
3.102933	40.419022
3.103033	40.423370
3.103133	40.427719
3.103233	40.432068
3.103333	40.436417
3.103432	40.440765
3.103532	40.445118
3.103632	40.449467
3.103732	40.453819
3.103832	40.458172
3.103932	40.462521
3.104032	40.466873
3.104132	40.471226
3.104232	40.475582
3.104331	40.479935
3.104431	40.484287
3.104531	40.488644
3.104631	40.493000
3.104731	40.497353
3.104831	40.501709
3.104931	40.506065
3.105031	40.510422
3.105131	40.514782
3.105231	40.519138
3.105330	40.523495
3.105430	40.527855
3.105530	40.532215
3.105630	40.536575
3.105730	40.540932
3.105830	40.545292
3.105930	40.549656
3.106030	40.554016
3.106130	40.558376
3.106230	40.562740
3.106329	40.567104
3.106429	40.571465
3.106529	40.575829
3.106629	40.580193
3.106729	40.584557
3.106829	40.588921
3.106929	40.593288
3.107029	40.597652
3.107129	40.602020
3.107229	40.606388
3.107328	40.610752
3.107428	40.615120
3.107528	40.619488
3.107628	40.623856
3.107728	40.628227
3.107828	40.632595
3.107928	40.636967
3.108028	40.641335
3.108128	40.645706
3.108227	40.650078
3.108327	40.654449
3.108427	40.658821
3.108527	40.663193
3.108627	40.667564
3.108727	40.671940
3.108827	40.676311
3.108927	40.680687
3.109027	40.685062
3.109127	40.689438
3.109226	40.693813
3.109326	40.698189
3.109426	40.702564
3.109526	40.706944
3.109626	40.711319
3.109726	40.715698
3.109826	40.720078
3.109926	40.724453
3.200033	44.861855
3.200133	44.866657
3.200233	44.871456
3.200333	44.876259
3.200433	44.881062
3.200533	44.885868
3.200633	44.890671
3.200732	44.895473
3.200832	44.900280
3.200932	44.905087
3.201032	44.909889
3.201132	44.914696
3.201232	44.919506
3.201332	44.924313
3.201432	44.929119
3.201532	44.933929
3.201632	44.938736
3.201731	44.943546
3.201831	44.948357
3.201931	44.953167
3.202031	44.957977
3.202131	44.962788
3.202231	44.967602
3.202331	44.972412
3.202431	44.977226
3.202531	44.982037
3.202631	44.986851
3.202730	44.991665
3.202830	44.996483
3.202930	45.001297
3.203030	45.006111
3.203130	45.010929
3.203230	45.015743
3.203330	45.020561
3.203430	45.025379
3.203530	45.030197
3.203629	45.035015
3.203729	45.039837
3.203829	45.044655
3.203929	45.049477
3.204029	45.054295
3.204129	45.059116
3.204229	45.063938
3.204329	45.068760
3.204429	45.073586
3.204529	45.078407
3.204628	45.083229
3.204728	45.088055
3.204828	45.092880
3.204928	45.097706
3.205028	45.102528
3.205128	45.107357
3.205228	45.112183
3.205328	45.117008
3.205428	45.121838
3.205528	45.126663
3.205627	45.131493
3.205727	45.136322
3.205827	45.141151
3.205927	45.145981
3.206027	45.150810
3.206127	45.155643
3.206227	45.160473
3.206327	45.165306
3.206427	45.170139
3.206527	45.174973
3.206626	45.179806
3.206726	45.184639
3.206826	45.189472
3.206926	45.194309
3.207026	45.199142
3.207126	45.203979
3.207226	45.208817
3.207326	45.213654
3.207426	45.218491
3.207525	45.223328
3.207625	45.228165
3.207725	45.233006
3.207825	45.237846
3.207925	45.242683
3.208025	45.247524
3.208125	45.252365
3.208225	45.257206
3.208325	45.262051
3.208425	45.266891
3.208524	45.271732
3.208624	45.276577
3.208724	45.281422
3.208824	45.286266
3.208924	45.291111
3.209024	45.295956
3.209124	45.300800
3.209224	45.305649
3.209324	45.310493
3.209424	45.315342
3.209523	45.320190
3.209623	45.325039
3.209723	45.329887
3.209823	45.334736
3.209923	45.339584
3.300030	49.921581
3.300130	49.926899
3.300230	49.932217
3.300330	49.937534
3.300430	49.942852
3.300530	49.948174
3.300630	49.953491
3.300730	49.958813
3.300830	49.964134
3.300930	49.969456
3.301029	49.974777
3.301129	49.980099
3.301229	49.985420
3.301329	49.990746
3.301429	49.996071
3.301529	50.001392
3.301629	50.006718
3.301729	50.012043
3.301829	50.017372
3.301929	50.022697
3.302028	50.028027
3.302128	50.033352
3.302228	50.038681
3.302328	50.044010
3.302428	50.049339
3.302528	50.054668
3.302628	50.060001
3.302728	50.065331
3.302828	50.070663
3.302927	50.075993
3.303027	50.081326
3.303127	50.086658
3.303227	50.091995
3.303327	50.097328
3.303427	50.102665
3.303527	50.107998
3.303627	50.113335
3.303727	50.118671
3.303827	50.124008
3.303926	50.129345
3.304026	50.134686
3.304126	50.140022
3.304226	50.145363
3.304326	50.150700
3.304426	50.156040
3.304526	50.161381
3.304626	50.166725
3.304726	50.172066
3.304826	50.177406
3.304925	50.182751
3.305025	50.188095
3.305125	50.193439
3.305225	50.198784
3.305325	50.204128
3.305425	50.209473
3.305525	50.214821
3.305625	50.220169
3.305725	50.225513
3.305825	50.230862
3.305924	50.236210
3.306024	50.241562
3.306124	50.246910
3.306224	50.252258
3.306324	50.257610
3.306424	50.262962
3.306524	50.268314
3.306624	50.273666
3.306724	50.279018
3.306823	50.284370
3.306923	50.289726
3.307023	50.295078
3.307123	50.300434
3.307223	50.305790
3.307323	50.311146
3.307423	50.316502
3.307523	50.321861
3.307623	50.327217
3.307723	50.332577
3.307822	50.337936
3.307922	50.343296
3.308022	50.348656
3.308122	50.354015
3.308222	50.359375
3.308322	50.364738
3.308422	50.370098
3.308522	50.375462
3.308622	50.380825
3.308722	50.386189
3.308821	50.391552
3.308921	50.396919
3.309021	50.402283
3.309121	50.407650
3.309221	50.413013
3.309321	50.418381
3.309421	50.423748
3.309521	50.429119
3.309621	50.434486
3.309721	50.439854
3.309820	50.445225
3.309920	50.450596
3.400028	55.523949
3.400128	55.529835
3.400228	55.535721
3.400327	55.541611
3.400427	55.547501
3.400527	55.553387
3.400627	55.559277
3.400727	55.565166
3.400827	55.571060
3.400927	55.576950
3.401027	55.582844
3.401127	55.588734
3.401227	55.594627
3.401326	55.600521
3.401426	55.606415
3.401526	55.612312
3.401626	55.618206
3.401726	55.624104
3.401826	55.630001
3.401926	55.635899
3.402026	55.641796
3.402126	55.647694
3.402225	55.653595
3.402325	55.659492
3.402425	55.665394
3.402525	55.671295
3.402625	55.677197
3.402725	55.683098
3.402825	55.688999
3.402925	55.694904
3.403025	55.700809
3.403125	55.706715
3.403224	55.712620
3.403324	55.718525
3.403424	55.724430
3.403524	55.730339
3.403624	55.736244
3.403724	55.742153
3.403824	55.748062
3.403924	55.753971
3.404024	55.759880
3.404124	55.765793
3.404223	55.771702
3.404323	55.777615
3.404423	55.783527
3.404523	55.789440
3.404623	55.795353
3.404723	55.801270
3.404823	55.807182
3.404923	55.813099
3.405023	55.819016
3.405123	55.824932
3.405222	55.830849
3.405322	55.836765
3.405422	55.842686
3.405522	55.848602
3.405622	55.854523
3.405722	55.860443
3.405822	55.866364
3.405922	55.872288
3.406022	55.878208
3.406121	55.884132
3.406221	55.890053
3.406321	55.895977
3.406421	55.901901
3.406521	55.907825
3.406621	55.913754
3.406721	55.919678
3.406821	55.925606
3.406921	55.931534
3.407021	55.937462
3.407120	55.943390
3.407220	55.949318
3.407320	55.955250
3.407420	55.961178
3.407520	55.967110
3.407620	55.973042
3.407720	55.978973
3.407820	55.984909
3.407920	55.990841
3.408020	55.996777
3.408119	56.002708
3.408219	56.008644
3.408319	56.014580
3.408419	56.020515
3.408519	56.026455
3.408619	56.032391
3.408719	56.038330
3.408819	56.044270
3.408919	56.050209
3.409019	56.056149
3.409118	56.062088
3.409218	56.068031
3.409318	56.073971
3.409418	56.079914
3.409518	56.085857
3.409618	56.091801
3.409718	56.097748
3.409818	56.103691
3.409918	56.109638
3.500025	61.726021
3.500125	61.732536
3.500225	61.739056
3.500325	61.745571
3.500425	61.752090
3.500525	61.758610
3.500624	61.765129
3.500724	61.771648
3.500824	61.778168
3.500924	61.784691
3.501024	61.791214
3.501124	61.797737
3.501224	61.804260
3.501324	61.810783
3.501424	61.817307
3.501523	61.823833
3.501623	61.830360
3.501723	61.836887
3.501823	61.843414
3.501923	61.849941
3.502023	61.856472
3.502123	61.862999
3.502223	61.869530
3.502323	61.876060
3.502423	61.882591
3.502522	61.889126
3.502622	61.895657
3.502722	61.902191
3.502822	61.908726
3.502922	61.915260
3.503022	61.921795
3.503122	61.928333
3.503222	61.934868
3.503322	61.941406
3.503422	61.947945
3.503521	61.954483
3.503621	61.961021
3.503721	61.967564
3.503821	61.974102
3.503921	61.980644
3.504021	61.987186
3.504121	61.993729
3.504221	62.000271
3.504321	62.006817
3.504421	62.013363
3.504520	62.019905
3.504620	62.026451
3.504720	62.033001
3.504820	62.039547
3.504920	62.046093
3.505020	62.052643
3.505120	62.059193
3.505220	62.065742
3.505320	62.072292
3.505419	62.078846
3.505519	62.085396
3.505619	62.091949
3.505719	62.098503
3.505819	62.105057
3.505919	62.111610
3.506019	62.118168
3.506119	62.124722
3.506219	62.131279
3.506319	62.137836
3.506418	62.144394
3.506518	62.150955
3.506618	62.157513
3.506718	62.164074
3.506818	62.170635
3.506918	62.177197
3.507018	62.183758
3.507118	62.190319
3.507218	62.196884
3.507318	62.203445
3.507417	62.210011
3.507517	62.216576
3.507617	62.223145
3.507717	62.229710
3.507817	62.236279
3.507917	62.242844
3.508017	62.249413
3.508117	62.255981
3.508217	62.262554
3.508317	62.269123
3.508416	62.275696
3.508516	62.282265
3.508616	62.288837
3.508716	62.295414
3.508816	62.301987
3.508916	62.308559
3.509016	62.315136
3.509116	62.321712
3.509216	62.328289
3.509315	62.334866
3.509415	62.341446
3.509515	62.348022
3.509615	62.354603
3.509715	62.361183
3.509815	62.367764
3.509915	62.374344
3.600022	68.590866
3.600122	68.598083
3.600222	68.605293
3.600322	68.612503
3.600422	68.619720
3.600522	68.626938
3.600622	68.634148
3.600722	68.641365
3.600821	68.648582
3.600921	68.655800
3.601021	68.663025
3.601121	68.670242
3.601221	68.677460
3.601321	68.684685
3.601421	68.691902
3.601521	68.699127
3.601621	68.706345
3.601721	68.713570
3.601820	68.720795
3.601920	68.728020
3.602020	68.735245
3.602120	68.742477
3.602220	68.749702
3.602320	68.756927
3.602420	68.764160
3.602520	68.771385
3.602620	68.778618
3.602720	68.785851
3.602819	68.793083
3.602919	68.800316
3.603019	68.807549
3.603119	68.814781
3.603219	68.822014
3.603319	68.829254
3.603419	68.836487
3.603519	68.843727
3.603619	68.850960
3.603719	68.858200
3.603818	68.865440
3.603918	68.872681
3.604018	68.879921
3.604118	68.887161
3.604218	68.894402
3.604318	68.901649
3.604418	68.908890
3.604518	68.916130
3.604618	68.923378
3.604717	68.930626
3.604817	68.937874
3.604917	68.945122
3.605017	68.952370
3.605117	68.959618
3.605217	68.966866
3.605317	68.974113
3.605417	68.981361
3.605517	68.988617
3.605617	68.995872
3.605716	69.003120
3.605816	69.010376
3.605916	69.017632
3.606016	69.024887
3.606116	69.032143
3.606216	69.039398
3.606316	69.046654
3.606416	69.053917
3.606516	69.061172
3.606616	69.068436
3.606715	69.075691
3.606815	69.082954
3.606915	69.090218
3.607015	69.097481
3.607115	69.104744
3.607215	69.112007
3.607315	69.119270
3.607415	69.126534
3.607515	69.133804
3.607615	69.141068
3.607714	69.148338
3.607814	69.155609
3.607914	69.162872
3.608014	69.170143
3.608114	69.177414
3.608214	69.184685
3.608314	69.191963
3.608414	69.199234
3.608514	69.206505
3.608613	69.213783
3.608713	69.221054
3.608813	69.228333
3.608913	69.235611
3.609013	69.242882
3.609113	69.250160
3.609213	69.257439
3.609313	69.264725
3.609413	69.272003
3.609513	69.279282
3.609612	69.286568
3.609712	69.293846
3.609812	69.301132
3.609912	69.308418
3.700020	76.188194
3.700119	76.196175
3.700219	76.204155
3.700319	76.212135
3.700419	76.220123
3.700519	76.228104
3.700619	76.236092
3.700719	76.244080
3.700819	76.252068
3.700919	76.260048
3.701019	76.268044
3.701118	76.276031
3.701218	76.284019
3.701318	76.292007
3.701418	76.300003
3.701518	76.307991
3.701618	76.315987
3.701718	76.323982
3.701818	76.331978
3.701918	76.339973
3.702018	76.347969
3.702117	76.355965
3.702217	76.363960
3.702317	76.371964
3.702417	76.379959
3.702517	76.387962
3.702617	76.395966
3.702717	76.403961
3.702817	76.411964
3.702917	76.419968
3.703017	76.427979
3.703116	76.435982
3.703216	76.443985
3.703316	76.451996
3.703416	76.459999
3.703516	76.468010
3.703616	76.476021
3.703716	76.484032
3.703816	76.492043
3.703916	76.500053
3.704015	76.508064
3.704115	76.516075
3.704215	76.524094
3.704315	76.532104
3.704415	76.540123
3.704515	76.548141
3.704615	76.556160
3.704715	76.564178
3.704815	76.572197
3.704915	76.580215
3.705014	76.588234
3.705114	76.596260
3.705214	76.604279
3.705314	76.612305
3.705414	76.620323
3.705514	76.628349
3.705614	76.636375
3.705714	76.644402
3.705814	76.652428
3.705914	76.660454
3.706013	76.668488
3.706113	76.676514
3.706213	76.684547
3.706313	76.692581
3.706413	76.700607
3.706513	76.708641
3.706613	76.716675
3.706713	76.724709
3.706813	76.732742
3.706913	76.740784
3.707012	76.748817
3.707112	76.756859
3.707212	76.764893
3.707312	76.772934
3.707412	76.780975
3.707512	76.789017
3.707612	76.797058
3.707712	76.805099
3.707812	76.813141
3.707911	76.821190
3.708011	76.829231
3.708111	76.837280
3.708211	76.845322
3.708311	76.853371
3.708411	76.861420
3.708511	76.869469
3.708611	76.877518
3.708711	76.885574
3.708811	76.893623
3.708910	76.901672
3.709010	76.909729
3.709110	76.917778
3.709210	76.925835
3.709310	76.933891
3.709410	76.941948
3.709510	76.950005
3.709610	76.958061
3.709710	76.966125
3.709810	76.974182
3.709909	76.982246
3.800017	84.595032
3.800117	84.603859
3.800217	84.612694
3.800317	84.621529
3.800416	84.630356
3.800516	84.639191
3.800616	84.648026
3.800716	84.656868
3.800816	84.665703
3.800916	84.674538
3.801016	84.683380
3.801116	84.692223
3.801216	84.701057
3.801316	84.709900
3.801415	84.718742
3.801515	84.727585
3.801615	84.736435
3.801715	84.745277
3.801815	84.754120
3.801915	84.762970
3.802015	84.771820
3.802115	84.780663
3.802215	84.789513
3.802315	84.798363
3.802414	84.807220
3.802514	84.816071
3.802614	84.824921
3.802714	84.833778
3.802814	84.842628
3.802914	84.851486
3.803014	84.860344
3.803114	84.869202
3.803214	84.878059
3.803313	84.886917
3.803413	84.895782
3.803513	84.904640
3.803613	84.913506
3.803713	84.922371
3.803813	84.931229
3.803913	84.940094
3.804013	84.948959
3.804113	84.957832
3.804213	84.966698
3.804312	84.975563
3.804412	84.984436
3.804512	84.993301
3.804612	85.002174
3.804712	85.011047
3.804812	85.019920
3.804912	85.028793
3.805012	85.037666
3.805112	85.046547
3.805212	85.055420
3.805311	85.064301
3.805411	85.073174
3.805511	85.082054
3.805611	85.090935
3.805711	85.099815
3.805811	85.108696
3.805911	85.117584
3.806011	85.126465
3.806111	85.135353
3.806211	85.144234
3.806310	85.153122
3.806410	85.162010
3.806510	85.170898
3.806610	85.179787
3.806710	85.188675
3.806810	85.197563
3.806910	85.206459
3.807010	85.215347
3.807110	85.224243
3.807209	85.233139
3.807309	85.242035
3.807409	85.250931
3.807509	85.259827
3.807609	85.268723
3.807709	85.277626
3.807809	85.286522
3.807909	85.295425
3.808009	85.304329
3.808109	85.313232
3.808208	85.322136
3.808308	85.331039
3.808408	85.339943
3.808508	85.348846
3.808608	85.357758
3.808708	85.366661
3.808808	85.375572
3.808908	85.384483
3.809008	85.393394
3.809108	85.402306
3.809207	85.411217
3.809307	85.420128
3.809407	85.429047
3.809507	85.437958
3.809607	85.446877
3.809707	85.455795
3.809807	85.464706
3.809907	85.473625
3.900014	93.896515
3.900114	93.906281
3.900214	93.916054
3.900314	93.925827
3.900414	93.935600
3.900514	93.945374
3.900614	93.955147
3.900713	93.964928
3.900813	93.974701
3.900913	93.984482
3.901013	93.994255
3.901113	94.004036
3.901213	94.013817
3.901313	94.023598
3.901413	94.033386
3.901513	94.043167
3.901613	94.052956
3.901712	94.062737
3.901812	94.072525
3.901912	94.082314
3.902012	94.092102
3.902112	94.101891
3.902212	94.111687
3.902312	94.121475
3.902412	94.131271
3.902512	94.141060
3.902611	94.150856
3.902711	94.160652
3.902811	94.170448
3.902911	94.180244
3.903011	94.190048
3.903111	94.199844
3.903211	94.209648
3.903311	94.219444
3.903411	94.229248
3.903511	94.239052
3.903610	94.248856
3.903710	94.258667
3.903810	94.268471
3.903910	94.278282
3.904010	94.288086
3.904110	94.297897
3.904210	94.307709
3.904310	94.317520
3.904410	94.327332
3.904510	94.337143
3.904609	94.346962
3.904709	94.356773
3.904809	94.366592
3.904909	94.376411
3.905009	94.386230
3.905109	94.396049
3.905209	94.405869
3.905309	94.415688
3.905409	94.425514
3.905509	94.435333
3.905608	94.445160
3.905708	94.454987
3.905808	94.464813
3.905908	94.474640
3.906008	94.484467
3.906108	94.494301
3.906208	94.504128
3.906308	94.513962
3.906408	94.523788
3.906507	94.533623
3.906607	94.543457
3.906707	94.553291
3.906807	94.563133
3.906907	94.572968
3.907007	94.582809
3.907107	94.592644
3.907207	94.602486
3.907307	94.612328
3.907407	94.622169
3.907506	94.632011
3.907606	94.641861
3.907706	94.651703
3.907806	94.661552
3.907906	94.671394
3.908006	94.681244
3.908106	94.691093
3.908206	94.700943
3.908306	94.710793
3.908406	94.720650
3.908505	94.730499
3.908605	94.740356
3.908705	94.750214
3.908805	94.760071
3.908905	94.769928
3.909005	94.779785
3.909105	94.789642
3.909205	94.799500
3.909305	94.809364
3.909405	94.819229
3.909504	94.829086
3.909604	94.838951
3.909704	94.848816
3.909804	94.858688
3.909904	94.868553
4.000011	104.186729
4.000112	104.197540
4.000212	104.208374
4.000312	104.219208
4.000412	104.230049
4.000512	104.240883
4.000612	104.251724
4.000712	104.262566
4.000813	104.273407
4.000913	104.284248
4.001013	104.295090
4.001113	104.305939
4.001213	104.316780
4.001313	104.327629
4.001413	104.338478
4.001513	104.349327
4.001614	104.360176
4.001714	104.371033
4.001814	104.381882
4.001914	104.392738
4.002014	104.403587
4.002114	104.414444
4.002214	104.425301
4.002315	104.436165
4.002415	104.447021
4.002515	104.457878
4.002615	104.468742
4.002715	104.479607
4.002815	104.490471
4.002915	104.501335
4.003016	104.512199
4.003116	104.523064
4.003216	104.533936
4.003316	104.544800
4.003416	104.555672
4.003516	104.566544
4.003616	104.577415
4.003716	104.588287
4.003817	104.599167
4.003917	104.610039
4.004017	104.620918
4.004117	104.631790
4.004217	104.642670
4.004317	104.653549
4.004417	104.664436
4.004518	104.675316
4.004618	104.686195
4.004718	104.697083
4.004818	104.707970
4.004918	104.718857
4.005018	104.729744
4.005118	104.740631
4.005219	104.751518
4.005319	104.762413
4.005419	104.773308
4.005519	104.784195
4.005619	104.795090
4.005719	104.805984
4.005819	104.816887
4.005919	104.827782
4.006020	104.838676
4.006120	104.849579
4.006220	104.860481
4.006320	104.871384
4.006420	104.882286
4.006520	104.893188
4.006620	104.904099
4.006721	104.915001
4.006821	104.925911
4.006921	104.936821
4.007021	104.947731
4.007121	104.958641
4.007221	104.969551
4.007321	104.980461
4.007421	104.991379
4.007522	105.002296
4.007622	105.013206
4.007722	105.024124
4.007822	105.035042
4.007922	105.045967
4.008022	105.056885
4.008122	105.067810
4.008223	105.078728
4.008323	105.089653
4.008423	105.100578
4.008523	105.111504
4.008623	105.122437
4.008723	105.133362
4.008823	105.144295
4.008924	105.155220
4.009024	105.166153
4.009124	105.177086
4.009224	105.188019
4.009324	105.198959
4.009424	105.209892
4.009524	105.220833
4.009624	105.231766
4.009725	105.242706
4.009825	105.253647
4.009925	105.264587
4.100047	115.574226
4.100147	115.586212
4.100247	115.598198
4.100348	115.610184
4.100448	115.622177
4.100548	115.634163
4.100648	115.646156
4.100748	115.658142
4.100848	115.670135
4.100948	115.682129
4.101048	115.694130
4.101149	115.706123
4.101249	115.718124
4.101349	115.730118
4.101449	115.742119
4.101549	115.754120
4.101649	115.766121
4.101749	115.778130
4.101850	115.790131
4.101950	115.802139
4.102050	115.814148
4.102150	115.826157
4.102250	115.838165
4.102350	115.850174
4.102450	115.862183
4.102551	115.874199
4.102651	115.886215
4.102751	115.898232
4.102851	115.910248
4.102951	115.922264
4.103051	115.934288
4.103151	115.946304
4.103251	115.958328
4.103352	115.970352
4.103452	115.982376
4.103552	115.994400
4.103652	116.006424
4.103752	116.018456
4.103852	116.030487
4.103952	116.042511
4.104053	116.054543
4.104153	116.066582
4.104253	116.078613
4.104353	116.090645
4.104453	116.102684
4.104553	116.114723
4.104653	116.126762
4.104753	116.138802
4.104854	116.150841
4.104954	116.162888
4.105054	116.174927
4.105154	116.186974
4.105254	116.199020
4.105354	116.211067
4.105454	116.223114
4.105555	116.235168
4.105655	116.247215
4.105755	116.259270
4.105855	116.271324
4.105955	116.283379
4.106055	116.295433
4.106155	116.307487
4.106256	116.319550
4.106356	116.331604
4.106456	116.343666
4.106556	116.355728
4.106656	116.367790
4.106756	116.379860
4.106856	116.391922
4.106956	116.403992
4.107057	116.416061
4.107157	116.428123
4.107257	116.440201
4.107357	116.452271
4.107457	116.464340
4.107557	116.476418
4.107657	116.488495
4.107758	116.500565
4.107858	116.512650
4.107958	116.524727
4.108058	116.536804
4.108158	116.548889
4.108258	116.560966
4.108358	116.573051
4.108459	116.585136
4.108559	116.597221
4.108659	116.609314
4.108759	116.621399
4.108859	116.633492
4.108959	116.645584
4.109059	116.657677
4.109159	116.669769
4.109260	116.681862
4.109360	116.693962
4.109460	116.706055
4.109560	116.718155
4.109660	116.730255
4.109760	116.742355
4.109860	116.754456
4.109961	116.766563
4.200083	128.170364
4.200183	128.183624
4.200283	128.196884
4.200383	128.210129
4.200483	128.223389
4.200583	128.236664
4.200684	128.249924
4.200784	128.263184
4.200884	128.276443
4.200984	128.289719
4.201084	128.302979
4.201184	128.316254
4.201284	128.329514
4.201385	128.342789
4.201485	128.356064
4.201585	128.369339
4.201685	128.382614
4.201785	128.395889
4.201885	128.409164
4.201985	128.422455
4.202085	128.435730
4.202186	128.449020
4.202286	128.462296
4.202386	128.475586
4.202486	128.488876
4.202586	128.502151
4.202686	128.515442
4.202786	128.528732
4.202887	128.542023
4.202987	128.555328
4.203087	128.568619
4.203187	128.581909
4.203287	128.595215
4.203387	128.608505
4.203487	128.621811
4.203588	128.635117
4.203688	128.648407
4.203788	128.661713
4.203888	128.675018
4.203988	128.688324
4.204088	128.701630
4.204188	128.714951
4.204288	128.728256
4.204389	128.741562
4.204489	128.754883
4.204589	128.768188
4.204689	128.781509
4.204789	128.794830
4.204889	128.808151
4.204989	128.821472
4.205090	128.834793
4.205190	128.848114
4.205290	128.861435
4.205390	128.874756
4.205490	128.888092
4.205590	128.901413
4.205690	128.914749
4.205791	128.928070
4.205891	128.941406
4.205991	128.954742
4.206091	128.968079
4.206191	128.981415
4.206291	128.994751
4.206391	129.008087
4.206491	129.021423
4.206592	129.034775
4.206692	129.048111
4.206792	129.061462
4.206892	129.074799
4.206992	129.088150
4.207092	129.101501
4.207192	129.114853
4.207293	129.128204
4.207393	129.141556
4.207493	129.154907
4.207593	129.168259
4.207693	129.181610
4.207793	129.194977
4.207893	129.208328
4.207994	129.221695
4.208094	129.235062
4.208194	129.248413
4.208294	129.261780
4.208394	129.275146
4.208494	129.288513
4.208594	129.301880
4.208694	129.315262
4.208795	129.328629
4.208895	129.341995
4.208995	129.355377
4.209095	129.368744
4.209195	129.382126
4.209295	129.395508
4.209395	129.408875
4.209496	129.422256
4.209596	129.435638
4.209696	129.449020
4.209796	129.462418
4.209896	129.475800
4.209996	129.489182
4.300018	142.087616
4.300118	142.102264
4.300219	142.116928
4.300319	142.131592
4.300419	142.146255
4.300519	142.160919
4.300619	142.175583
4.300719	142.190262
4.300819	142.204926
4.300920	142.219589
4.301020	142.234268
4.301120	142.248947
4.301220	142.263626
4.301320	142.278290
4.301420	142.292969
4.301520	142.307648
4.301620	142.322342
4.301721	142.337021
4.301821	142.351700
4.301921	142.366394
4.302021	142.381073
4.302121	142.395767
4.302221	142.410461
4.302321	142.425156
4.302422	142.439835
4.302522	142.454544
4.302622	142.469238
4.302722	142.483932
4.302822	142.498627
4.302922	142.513336
4.303022	142.528030
4.303123	142.542740
4.303223	142.557449
4.303323	142.572144
4.303423	142.586853
4.303523	142.601562
4.303623	142.616272
4.303723	142.630997
4.303823	142.645706
4.303924	142.660416
4.304024	142.675140
4.304124	142.689850
4.304224	142.704575
4.304324	142.719299
4.304424	142.734024
4.304524	142.748749
4.304625	142.763474
4.304725	142.778198
4.304825	142.792923
4.304925	142.807663
4.305025	142.822388
4.305125	142.837128
4.305225	142.851852
4.305326	142.866592
4.305426	142.881332
4.305526	142.896072
4.305626	142.910812
4.305726	142.925552
4.305826	142.940308
4.305926	142.955048
4.306026	142.969788
4.306127	142.984543
4.306227	142.999283
4.306327	143.014038
4.306427	143.028793
4.306527	143.043549
4.306627	143.058304
4.306727	143.073059
4.306828	143.087814
4.306928	143.102585
4.307028	143.117340
4.307128	143.132111
4.307228	143.146866
4.307328	143.161636
4.307428	143.176407
4.307528	143.191177
4.307629	143.205948
4.307729	143.220718
4.307829	143.235489
4.307929	143.250259
4.308029	143.265045
4.308129	143.279816
4.308229	143.294601
4.308330	143.309387
4.308430	143.324158
4.308530	143.338943
4.308630	143.353729
4.308730	143.368515
4.308830	143.383301
4.308930	143.398102
4.309031	143.412888
4.309131	143.427689
4.309231	143.442474
4.309331	143.457275
4.309431	143.472076
4.309531	143.486862
4.309631	143.501663
4.309731	143.516464
4.309832	143.531281
4.309932	143.546082
4.400054	157.494263
4.400154	157.510483
4.400254	157.526688
4.400354	157.542908
4.400455	157.559128
4.400555	157.575348
4.400655	157.591568
4.400755	157.607788
4.400855	157.624008
4.400955	157.640228
4.401055	157.656464
4.401155	157.672684
4.401256	157.688919
4.401356	157.705154
4.401456	157.721390
4.401556	157.737625
4.401656	157.753860
4.401756	157.770096
4.401856	157.786331
4.401957	157.802582
4.402057	157.818817
4.402157	157.835068
4.402257	157.851318
4.402357	157.867554
4.402457	157.883804
4.402557	157.900055
4.402658	157.916321
4.402758	157.932571
4.402858	157.948822
4.402958	157.965088
4.403058	157.981339
4.403158	157.997604
4.403258	158.013870
4.403358	158.030136
4.403459	158.046402
4.403559	158.062668
4.403659	158.078934
4.403759	158.095200
4.403859	158.111481
4.403959	158.127747
4.404059	158.144028
4.404160	158.160309
4.404260	158.176590
4.404360	158.192871
4.404460	158.209152
4.404560	158.225433
4.404660	158.241714
4.404760	158.258011
4.404860	158.274292
4.404961	158.290588
4.405061	158.306885
4.405161	158.323181
4.405261	158.339462
4.405361	158.355774
4.405461	158.372070
4.405561	158.388367
4.405662	158.404663
4.405762	158.420975
4.405862	158.437286
4.405962	158.453583
4.406062	158.469894
4.406162	158.486206
4.406262	158.502518
4.406363	158.518829
4.406463	158.535141
4.406563	158.551468
4.406663	158.567780
4.406763	158.584106
4.406863	158.600418
4.406963	158.616745
4.407063	158.633072
4.407164	158.649399
4.407264	158.665726
4.407364	158.682053
4.407464	158.698395
4.407564	158.714722
4.407664	158.731064
4.407764	158.747391
4.407865	158.763733
4.407965	158.780075
4.408065	158.796417
4.408165	158.812759
4.408265	158.829102
4.408365	158.845459
4.408465	158.861801
4.408566	158.878159
4.408666	158.894501
4.408766	158.910858
4.408866	158.927216
4.408966	158.943573
4.409066	158.959930
4.409166	158.976288
4.409266	158.992645
4.409367	159.009018
4.409467	159.025375
4.409567	159.041748
4.409667	159.058105
4.409767	159.074478
4.409867	159.090851
4.409967	159.107224
4.500090	174.532379
4.500190	174.550308
4.500290	174.568237
4.500390	174.586182
4.500490	174.604111
4.500590	174.622040
4.500690	174.639984
4.500791	174.657928
4.500891	174.675858
4.500991	174.693802
4.501091	174.711746
4.501191	174.729691
4.501291	174.747650
4.501391	174.765594
4.501492	174.783554
4.501592	174.801498
4.501692	174.819458
4.501792	174.837418
4.501892	174.855377
4.501992	174.873337
4.502092	174.891296
4.502192	174.909256
4.502293	174.927231
4.502393	174.945190
4.502493	174.963165
4.502593	174.981140
4.502693	174.999115
4.502793	175.017090
4.502893	175.035065
4.502994	175.053040
4.503094	175.071030
4.503194	175.089005
4.503294	175.106995
4.503394	175.124985
4.503494	175.142960
4.503594	175.160950
4.503695	175.178955
4.503795	175.196945
4.503895	175.214935
4.503995	175.232941
4.504095	175.250931
4.504195	175.268936
4.504295	175.286942
4.504395	175.304947
4.504496	175.322952
4.504596	175.340958
4.504696	175.358963
4.504796	175.376984
4.504896	175.394989
4.504996	175.413010
4.505096	175.431015
4.505197	175.449036
4.505297	175.467056
4.505397	175.485092
4.505497	175.503113
4.505597	175.521133
4.505697	175.539169
4.505797	175.557190
4.505898	175.575226
4.505998	175.593262
4.506098	175.611298
4.506198	175.629333
4.506298	175.647369
4.506398	175.665405
4.506498	175.683456
4.506598	175.701492
4.506699	175.719543
4.506799	175.737595
4.506899	175.755646
4.506999	175.773697
4.507099	175.791748
4.507199	175.809799
4.507299	175.827866
4.507400	175.845917
4.507500	175.863983
4.507600	175.882034
4.507700	175.900101
4.507800	175.918167
4.507900	175.936234
4.508000	175.954315
4.508101	175.972382
4.508201	175.990448
4.508301	176.008530
4.508401	176.026611
4.508501	176.044693
4.508601	176.062759
4.508701	176.080856
4.508801	176.098938
4.508902	176.117020
4.509002	176.135101
4.509102	176.153198
4.509202	176.171295
4.509302	176.189377
4.509402	176.207474
4.509502	176.225571
4.509603	176.243668
4.509703	176.261780
4.509803	176.279877
4.509903	176.297989
4.600025	193.353790
4.600125	193.373611
4.600225	193.393448
4.600326	193.413269
4.600426	193.433090
4.600526	193.452927
4.600626	193.472763
4.600726	193.492599
4.600826	193.512436
4.600926	193.532272
4.601027	193.552109
4.601127	193.571960
4.601227	193.591797
4.601327	193.611649
4.601427	193.631500
4.601527	193.651352
4.601627	193.671204
4.601727	193.691055
4.601828	193.710922
4.601928	193.730774
4.602028	193.750641
4.602128	193.770493
4.602228	193.790359
4.602328	193.810226
4.602428	193.830109
4.602529	193.849976
4.602629	193.869843
4.602729	193.889725
4.602829	193.909592
4.602929	193.929474
4.603029	193.949356
4.603129	193.969238
4.603230	193.989120
4.603330	194.009018
4.603430	194.028900
4.603530	194.048798
4.603630	194.068695
4.603730	194.088577
4.603830	194.108475
4.603930	194.128372
4.604031	194.148285
4.604131	194.168182
4.604231	194.188095
4.604331	194.207993
4.604431	194.227905
4.604531	194.247818
4.604631	194.267731
4.604732	194.287643
4.604832	194.307556
4.604932	194.327484
4.605032	194.347397
4.605132	194.367325
4.605232	194.387253
4.605332	194.407181
4.605433	194.427109
4.605533	194.447037
4.605633	194.466980
4.605733	194.486908
4.605833	194.506851
4.605933	194.526779
4.606033	194.546722
4.606133	194.566666
4.606234	194.586609
4.606334	194.606567
4.606434	194.626511
4.606534	194.646469
4.606634	194.666412
4.606734	194.686371
4.606834	194.706329
4.606935	194.726288
4.607035	194.746246
4.607135	194.766220
4.607235	194.786179
4.607335	194.806152
4.607435	194.826111
4.607535	194.846085
4.607635	194.866058
4.607736	194.886032
4.607836	194.906006
4.607936	194.925995
4.608036	194.945969
4.608136	194.965958
4.608236	194.985947
4.608336	195.005936
4.608437	195.025925
4.608537	195.045914
4.608637	195.065903
4.608737	195.085907
4.608837	195.105896
4.608937	195.125900
4.609037	195.145905
4.609138	195.165909
4.609238	195.185913
4.609338	195.205917
4.609438	195.225922
4.609538	195.245941
4.609638	195.265945
4.609738	195.285965
4.609838	195.305984
4.609939	195.326004
4.700061	214.185745
4.700161	214.207657
4.700261	214.229584
4.700361	214.251511
4.700461	214.273438
4.700562	214.295364
4.700662	214.317291
4.700762	214.339233
4.700862	214.361160
4.700962	214.383102
4.701062	214.405045
4.701162	214.426987
4.701262	214.448929
4.701363	214.470871
4.701463	214.492813
4.701563	214.514771
4.701663	214.536713
4.701763	214.558670
4.701863	214.580627
4.701963	214.602585
4.702064	214.624557
4.702164	214.646515
4.702264	214.668488
4.702364	214.690445
4.702464	214.712418
4.702564	214.734390
4.702664	214.756363
4.702765	214.778336
4.702865	214.800323
4.702965	214.822296
4.703065	214.844284
4.703165	214.866272
4.703265	214.888260
4.703365	214.910248
4.703465	214.932236
4.703566	214.954239
4.703666	214.976227
4.703766	214.998230
4.703866	215.020233
4.703966	215.042236
4.704066	215.064240
4.704166	215.086243
4.704267	215.108261
4.704367	215.130280
4.704467	215.152283
4.704567	215.174301
4.704667	215.196320
4.704767	215.218338
4.704867	215.240372
4.704967	215.262390
4.705068	215.284424
4.705168	215.306442
4.705268	215.328476
4.705368	215.350510
4.705468	215.372559
4.705568	215.394592
4.705668	215.416626
4.705769	215.438675
4.705869	215.460724
4.705969	215.482773
4.706069	215.504822
4.706169	215.526871
4.706269	215.548920
4.706369	215.570984
4.706470	215.593048
4.706570	215.615097
4.706670	215.637161
4.706770	215.659225
4.706870	215.681305
4.706970	215.703369
4.707070	215.725433
4.707170	215.747513
4.707271	215.769592
4.707371	215.791672
4.707471	215.813751
4.707571	215.835831
4.707671	215.857925
4.707771	215.880005
4.707871	215.902100
4.707972	215.924194
4.708072	215.946289
4.708172	215.968384
4.708272	215.990479
4.708372	216.012573
4.708472	216.034683
4.708572	216.056793
4.708673	216.078888
4.708773	216.100998
4.708873	216.123123
4.708973	216.145233
4.709073	216.167343
4.709173	216.189468
4.709273	216.211594
4.709373	216.233704
4.709474	216.255829
4.709574	216.277969
4.709674	216.300095
4.709774	216.322220
4.709874	216.344360
4.709974	216.366501
4.800097	237.219955
4.800197	237.244202
4.800297	237.268433
4.800397	237.292679
4.800497	237.316910
4.800597	237.341156
4.800697	237.365417
4.800797	237.389664
4.800898	237.413910
4.800998	237.438171
4.801098	237.462433
4.801198	237.486694
4.801298	237.510956
4.801398	237.535217
4.801498	237.559479
4.801599	237.583755
4.801699	237.608032
4.801799	237.632309
4.801899	237.656586
4.801999	237.680862
4.802099	237.705139
4.802199	237.729431
4.802299	237.753708
4.802400	237.778000
4.802500	237.802292
4.802600	237.826599
4.802700	237.850891
4.802800	237.875183
4.802900	237.899490
4.803000	237.923798
4.803101	237.948105
4.803201	237.972412
4.803301	237.996719
4.803401	238.021042
4.803501	238.045349
4.803601	238.069672
4.803701	238.093994
4.803802	238.118317
4.803902	238.142639
4.804002	238.166977
4.804102	238.191299
4.804202	238.215637
4.804302	238.239975
4.804402	238.264313
4.804502	238.288651
4.804603	238.313004
4.804703	238.337341
4.804803	238.361694
4.804903	238.386047
4.805003	238.410400
4.805103	238.434753
4.805203	238.459106
4.805304	238.483475
4.805404	238.507828
4.805504	238.532196
4.805604	238.556564
4.805704	238.580933
4.805804	238.605316
4.805904	238.629684
4.806005	238.654068
4.806105	238.678452
4.806205	238.702835
4.806305	238.727219
4.806405	238.751602
4.806505	238.775986
4.806605	238.800385
4.806705	238.824783
4.806806	238.849182
4.806906	238.873581
4.807006	238.897980
4.807106	238.922379
4.807206	238.946793
4.807306	238.971207
4.807406	238.995605
4.807507	239.020020
4.807607	239.044449
4.807707	239.068863
4.807807	239.093292
4.807907	239.117706
4.808007	239.142136
4.808107	239.166565
4.808208	239.190994
4.808308	239.215439
4.808408	239.239868
4.808508	239.264313
4.808608	239.288742
4.808708	239.313187
4.808808	239.337646
4.808908	239.362091
4.809009	239.386536
4.809109	239.410995
4.809209	239.435455
4.809309	239.459915
4.809409	239.484375
4.809509	239.508835
4.809609	239.533295
4.809710	239.557770
4.809810	239.582245
4.809910	239.606720
4.900032	262.661346
4.900132	262.688141
4.900232	262.714935
4.900332	262.741730
4.900433	262.768524
4.900533	262.795349
4.900633	262.822144
4.900733	262.848938
4.900833	262.875763
4.900933	262.902588
4.901033	262.929413
4.901134	262.956207
4.901234	262.983032
4.901334	263.009857
4.901434	263.036713
4.901534	263.063538
4.901634	263.090363
4.901734	263.117188
4.901834	263.144043
4.901935	263.170868
4.902035	263.197723
4.902135	263.224579
4.902235	263.251434
4.902335	263.278290
4.902435	263.305145
4.902535	263.332001
4.902636	263.358856
4.902736	263.385712
4.902836	263.412598
4.902936	263.439453
4.903036	263.466339
4.903136	263.493195
4.903236	263.520081
4.903337	263.546967
4.903437	263.573853
4.903537	263.600739
4.903637	263.627625
4.903737	263.654510
4.903837	263.681396
4.903937	263.708282
4.904037	263.735199
4.904138	263.762085
4.904238	263.789001
4.904338	263.815918
4.904438	263.842804
4.904538	263.869720
4.904638	263.896637
4.904738	263.923553
4.904839	263.950500
4.904939	263.977417
4.905039	264.004333
4.905139	264.031250
4.905239	264.058197
4.905339	264.085144
4.905439	264.112061
4.905540	264.139008
4.905640	264.165955
4.905740	264.192902
4.905840	264.219849
4.905940	264.246796
4.906040	264.273743
4.906140	264.300690
4.906240	264.327667
4.906341	264.354614
4.906441	264.381592
4.906541	264.408539
4.906641	264.435516
4.906741	264.462494
4.906841	264.489471
4.906941	264.516449
4.907042	264.543427
4.907142	264.570404
4.907242	264.597382
4.907342	264.624390
4.907442	264.651367
4.907542	264.678375
4.907642	264.705353
4.907743	264.732361
4.907843	264.759369
4.907943	264.786377
4.908043	264.813385
4.908143	264.840393
4.908243	264.867401
4.908343	264.894409
4.908443	264.921448
4.908544	264.948456
4.908644	264.975464
4.908744	265.002502
4.908844	265.029541
4.908944	265.056580
4.909044	265.083588
4.909144	265.110626
4.909245	265.137665
4.909345	265.164734
4.909445	265.191772
4.909545	265.218811
4.909645	265.245880
4.909745	265.272919
4.909845	265.299988
4.909945	265.327026
5.000068	290.816711
