1.000054	3.436740
1.000154	3.437184
1.000254	3.437628
1.000354	3.438071
1.000454	3.438515
1.000554	3.438959
1.000654	3.439403
1.000754	3.439847
1.000854	3.440291
1.000954	3.440735
1.001054	3.441180
1.001154	3.441624
1.001254	3.442068
1.001354	3.442512
1.001454	3.442957
1.001554	3.443401
1.001654	3.443846
1.001754	3.444290
1.001854	3.444735
1.001954	3.445179
1.002054	3.445624
1.002154	3.446069
1.002254	3.446514
1.002354	3.446959
1.002454	3.447404
1.002554	3.447849
1.002654	3.448294
1.002754	3.448739
1.002854	3.449184
1.002954	3.449629
1.003054	3.450074
1.003154	3.450520
1.003254	3.450965
1.003354	3.451411
1.003454	3.451856
1.003554	3.452302
1.003654	3.452747
1.003754	3.453193
1.003854	3.453639
1.003954	3.454084
1.004054	3.454530
1.004154	3.454976
1.004254	3.455422
1.004354	3.455868
1.004454	3.456314
1.004554	3.456760
1.004654	3.457206
1.004754	3.457652
1.004854	3.458099
1.004954	3.458545
1.005054	3.458991
1.005154	3.459438
1.005254	3.459884
1.005354	3.460331
1.005454	3.460777
1.005554	3.461224
1.005654	3.461671
1.005754	3.462117
1.005854	3.462564
1.005955	3.463011
1.006055	3.463458
1.006155	3.463905
1.006255	3.464352
1.006355	3.464799
1.006455	3.465246
1.006555	3.465693
1.006655	3.466141
1.006755	3.466588
1.006855	3.467035
1.006955	3.467483
1.007055	3.467930
1.007155	3.468378
1.007255	3.468825
1.007355	3.469273
1.007455	3.469720
1.007555	3.470168
1.007655	3.470616
1.007755	3.471064
1.007855	3.471512
1.007955	3.471960
1.008055	3.472408
1.008155	3.472856
1.008255	3.473304
1.008355	3.473752
1.008455	3.474200
1.008555	3.474648
1.008655	3.475097
1.008755	3.475545
1.008855	3.475994
1.008955	3.476442
1.009055	3.476891
1.009155	3.477339
1.009255	3.477788
1.009355	3.478237
1.009455	3.478685
1.009555	3.479134
1.009655	3.479583
1.009755	3.480032
1.009855	3.480481
1.009955	3.480930
1.100070	3.908512
1.100170	3.909013
1.100270	3.909514
1.100370	3.910015
1.100470	3.910516
1.100570	3.911017
1.100670	3.911519
1.100770	3.912020
1.100870	3.912521
1.100970	3.913023
1.101070	3.913524
1.101170	3.914025
1.101270	3.914527
1.101370	3.915029
1.101470	3.915530
1.101570	3.916032
1.101670	3.916534
1.101770	3.917036
1.101870	3.917537
1.101970	3.918039
1.102070	3.918541
1.102170	3.919044
1.102270	3.919546
1.102371	3.920048
1.102471	3.920550
1.102571	3.921052
1.102671	3.921555
1.102771	3.922057
1.102871	3.922560
1.102971	3.923062
1.103071	3.923565
1.103171	3.924067
1.103271	3.924570
1.103371	3.925073
1.103471	3.925576
1.103571	3.926079
1.103671	3.926582
1.103771	3.927085
1.103871	3.927588
1.103971	3.928091
1.104071	3.928594
1.104171	3.929098
1.104271	3.929601
1.104371	3.930104
1.104471	3.930608
1.104571	3.931111
1.104671	3.931615
1.104771	3.932118
1.104871	3.932622
1.104971	3.933126
1.105071	3.933630
1.105171	3.934134
1.105271	3.934638
1.105371	3.935142
1.105471	3.935646
1.105571	3.936150
1.105671	3.936654
1.105771	3.937158
1.105871	3.937662
1.105971	3.938167
1.106071	3.938671
1.106171	3.939176
1.106271	3.939680
1.106371	3.940185
1.106471	3.940689
1.106571	3.941194
1.106671	3.941699
1.106771	3.942204
1.106871	3.942708
1.106971	3.943213
1.107071	3.943718
1.107171	3.944223
1.107271	3.944729
1.107371	3.945234
1.107471	3.945739
1.107571	3.946244
1.107671	3.946750
1.107771	3.947255
1.107871	3.947761
1.107971	3.948267
1.108071	3.948772
1.108171	3.949278
1.108271	3.949784
1.108371	3.950289
1.108472	3.950795
1.108572	3.951301
1.108672	3.951807
1.108772	3.952313
1.108872	3.952820
1.108972	3.953326
1.109072	3.953832
1.109172	3.954338
1.109272	3.954845
1.109372	3.955351
1.109472	3.955858
1.109572	3.956364
1.109672	3.956871
1.109772	3.957377
1.109872	3.957884
1.109972	3.958391
1.200087	4.440420
1.200187	4.440984
1.200287	4.441548
1.200387	4.442112
1.200487	4.442677
1.200587	4.443241
1.200687	4.443805
1.200787	4.444370
1.200887	4.444934
1.200987	4.445499
1.201087	4.446064
1.201187	4.446628
1.201287	4.447193
1.201387	4.447758
1.201487	4.448323
1.201587	4.448888
1.201687	4.449453
1.201787	4.450018
1.201887	4.450583
1.201987	4.451148
1.202087	4.451714
1.202187	4.452279
1.202287	4.452845
1.202387	4.453410
1.202487	4.453976
1.202587	4.454541
1.202687	4.455107
1.202787	4.455673
1.202887	4.456239
1.202987	4.456805
1.203087	4.457371
1.203187	4.457937
1.203287	4.458503
1.203387	4.459069
1.203487	4.459635
1.203587	4.460202
1.203687	4.460768
1.203787	4.461335
1.203887	4.461901
1.203987	4.462468
1.204087	4.463034
1.204187	4.463601
1.204287	4.464168
1.204387	4.464735
1.204487	4.465302
1.204587	4.465869
1.204687	4.466436
1.204787	4.467003
1.204888	4.467570
1.204988	4.468137
1.205088	4.468705
1.205188	4.469272
1.205288	4.469840
1.205388	4.470407
1.205488	4.470974
1.205588	4.471542
1.205688	4.472110
1.205788	4.472678
1.205888	4.473246
1.205988	4.473814
1.206088	4.474381
1.206188	4.474949
1.206288	4.475517
1.206388	4.476086
1.206488	4.476654
1.206588	4.477222
1.206688	4.477791
1.206788	4.478359
1.206888	4.478928
1.206988	4.479496
1.207088	4.480065
1.207188	4.480634
1.207288	4.481203
1.207388	4.481771
1.207488	4.482340
1.207588	4.482909
1.207688	4.483478
1.207788	4.484047
1.207888	4.484617
1.207988	4.485186
1.208088	4.485755
1.208188	4.486325
1.208288	4.486894
1.208388	4.487463
1.208488	4.488033
1.208588	4.488603
1.208688	4.489173
1.208788	4.489743
1.208888	4.490313
1.208988	4.490882
1.209088	4.491452
1.209188	4.492023
1.209288	4.492593
1.209388	4.493163
1.209488	4.493733
1.209588	4.494304
1.209688	4.494874
1.209788	4.495444
1.209888	4.496015
1.209988	4.496585
1.300003	5.038146
1.300103	5.038780
1.300203	5.039413
1.300303	5.040048
1.300403	5.040682
1.300503	5.041316
1.300603	5.041950
1.300703	5.042584
1.300803	5.043219
1.300903	5.043853
1.301003	5.044487
1.301103	5.045122
1.301203	5.045757
1.301304	5.046391
1.301404	5.047026
1.301504	5.047661
1.301604	5.048296
1.301704	5.048931
1.301804	5.049566
1.301904	5.050201
1.302004	5.050837
1.302104	5.051472
1.302204	5.052107
1.302304	5.052742
1.302404	5.053378
1.302504	5.054014
1.302604	5.054649
1.302704	5.055285
1.302804	5.055921
1.302904	5.056557
1.303004	5.057193
1.303104	5.057829
1.303204	5.058465
1.303304	5.059101
1.303404	5.059737
1.303504	5.060373
1.303604	5.061010
1.303704	5.061646
1.303804	5.062283
1.303904	5.062920
1.304004	5.063556
1.304104	5.064193
1.304204	5.064830
1.304304	5.065467
1.304404	5.066104
1.304504	5.066741
1.304604	5.067378
1.304704	5.068015
1.304804	5.068652
1.304904	5.069290
1.305004	5.069927
1.305104	5.070565
1.305204	5.071202
1.305304	5.071840
1.305404	5.072477
1.305504	5.073115
1.305604	5.073753
1.305704	5.074391
1.305804	5.075029
1.305904	5.075667
1.306004	5.076305
1.306104	5.076943
1.306204	5.077582
1.306304	5.078220
1.306404	5.078859
1.306504	5.079497
1.306604	5.080136
1.306704	5.080774
1.306804	5.081413
1.306904	5.082052
1.307004	5.082691
1.307104	5.083330
1.307204	5.083969
1.307305	5.084608
1.307405	5.085248
1.307505	5.085887
1.307605	5.086526
1.307705	5.087166
1.307805	5.087805
1.307905	5.088445
1.308005	5.089084
1.308105	5.089724
1.308205	5.090364
1.308305	5.091004
1.308405	5.091644
1.308505	5.092284
1.308605	5.092924
1.308705	5.093564
1.308805	5.094204
1.308905	5.094845
1.309005	5.095485
1.309105	5.096126
1.309205	5.096766
1.309305	5.097406
1.309405	5.098047
1.309505	5.098688
1.309605	5.099329
1.309705	5.099970
1.309805	5.100611
1.309905	5.101252
1.400020	5.709877
1.400120	5.710588
1.400220	5.711299
1.400320	5.712010
1.400420	5.712722
1.400520	5.713433
1.400620	5.714145
1.400720	5.714856
1.400820	5.715568
1.400920	5.716279
1.401020	5.716991
1.401120	5.717703
1.401220	5.718415
1.401320	5.719127
1.401420	5.719839
1.401520	5.720551
1.401620	5.721263
1.401720	5.721975
1.401820	5.722688
1.401920	5.723400
1.402020	5.724113
1.402120	5.724825
1.402220	5.725538
1.402320	5.726251
1.402420	5.726964
1.402520	5.727676
1.402620	5.728389
1.402720	5.729103
1.402820	5.729816
1.402920	5.730529
1.403020	5.731243
1.403120	5.731956
1.403220	5.732669
1.403320	5.733383
1.403420	5.734097
1.403520	5.734811
1.403620	5.735525
1.403720	5.736238
1.403821	5.736952
1.403921	5.737667
1.404021	5.738381
1.404121	5.739095
1.404221	5.739810
1.404321	5.740524
1.404421	5.741238
1.404521	5.741953
1.404621	5.742668
1.404721	5.743382
1.404821	5.744097
1.404921	5.744812
1.405021	5.745527
1.405121	5.746242
1.405221	5.746957
1.405321	5.747673
1.405421	5.748388
1.405521	5.749103
1.405621	5.749818
1.405721	5.750534
1.405821	5.751250
1.405921	5.751966
1.406021	5.752681
1.406121	5.753397
1.406221	5.754113
1.406321	5.754829
1.406421	5.755545
1.406521	5.756261
1.406621	5.756978
1.406721	5.757694
1.406821	5.758410
1.406921	5.759127
1.407021	5.759844
1.407121	5.760561
1.407221	5.761277
1.407321	5.761994
1.407421	5.762711
1.407521	5.763428
1.407621	5.764145
1.407721	5.764863
1.407821	5.765580
1.407921	5.766297
1.408021	5.767015
1.408121	5.767732
1.408221	5.768450
1.408321	5.769167
1.408421	5.769885
1.408521	5.770603
1.408621	5.771321
1.408721	5.772039
1.408821	5.772757
1.408921	5.773475
1.409021	5.774193
1.409121	5.774911
1.409221	5.775630
1.409321	5.776349
1.409421	5.777067
1.409521	5.777786
1.409621	5.778504
1.409721	5.779223
1.409822	5.779942
1.409922	5.780661
1.500036	6.462769
1.500136	6.463565
1.500237	6.464361
1.500337	6.465158
1.500437	6.465954
1.500537	6.466751
1.500637	6.467548
1.500737	6.468345
1.500837	6.469141
1.500937	6.469938
1.501037	6.470736
1.501137	6.471533
1.501237	6.472330
1.501337	6.473127
1.501437	6.473925
1.501537	6.474722
1.501637	6.475520
1.501737	6.476318
1.501837	6.477116
1.501937	6.477913
1.502037	6.478712
1.502137	6.479510
1.502237	6.480308
1.502337	6.481106
1.502437	6.481905
1.502537	6.482703
1.502637	6.483501
1.502737	6.484300
1.502837	6.485099
1.502937	6.485898
1.503037	6.486696
1.503137	6.487495
1.503237	6.488295
1.503337	6.489094
1.503437	6.489893
1.503537	6.490692
1.503637	6.491492
1.503737	6.492291
1.503837	6.493091
1.503937	6.493891
1.504037	6.494690
1.504137	6.495490
1.504237	6.496290
1.504337	6.497090
1.504437	6.497890
1.504537	6.498691
1.504637	6.499491
1.504737	6.500291
1.504837	6.501092
1.504937	6.501893
1.505037	6.502693
1.505137	6.503494
1.505237	6.504295
1.505337	6.505096
1.505437	6.505897
1.505537	6.506698
1.505637	6.507499
1.505737	6.508300
1.505837	6.509102
1.505937	6.509903
1.506037	6.510705
1.506137	6.511507
1.506238	6.512308
1.506338	6.513110
1.506438	6.513912
1.506538	6.514714
1.506638	6.515516
1.506738	6.516318
1.506838	6.517121
1.506938	6.517923
1.507038	6.518726
1.507138	6.519528
1.507238	6.520331
1.507338	6.521134
1.507438	6.521937
1.507538	6.522740
1.507638	6.523543
1.507738	6.524346
1.507838	6.525149
1.507938	6.525952
1.508038	6.526756
1.508138	6.527559
1.508238	6.528363
1.508338	6.529166
1.508438	6.529970
1.508538	6.530774
1.508638	6.531578
1.508738	6.532382
1.508838	6.533186
1.508938	6.533990
1.509038	6.534795
1.509138	6.535599
1.509238	6.536404
1.509338	6.537208
1.509438	6.538013
1.509538	6.538818
1.509638	6.539623
1.509738	6.540428
1.509838	6.541233
1.509938	6.542037
1.600053	7.305357
1.600153	7.306248
1.600253	7.307138
1.600353	7.308029
1.600453	7.308920
1.600553	7.309811
1.600653	7.310702
1.600753	7.311593
1.600853	7.312484
1.600953	7.313375
1.601053	7.314267
1.601153	7.315158
1.601253	7.316050
1.601353	7.316942
1.601453	7.317833
1.601553	7.318726
1.601653	7.319618
1.601753	7.320510
1.601853	7.321402
1.601953	7.322294
1.602053	7.323187
1.602153	7.324080
1.602253	7.324972
1.602353	7.325865
1.602453	7.326757
1.602553	7.327651
1.602654	7.328544
1.602754	7.329437
1.602854	7.330330
1.602954	7.331223
1.603054	7.332117
1.603154	7.333010
1.603254	7.333904
1.603354	7.334797
1.603454	7.335691
1.603554	7.336585
1.603654	7.337479
1.603754	7.338373
1.603854	7.339267
1.603954	7.340162
1.604054	7.341056
1.604154	7.341951
1.604254	7.342845
1.604354	7.343740
1.604454	7.344635
1.604554	7.345530
1.604654	7.346425
1.604754	7.347320
1.604854	7.348215
1.604954	7.349111
1.605054	7.350006
1.605154	7.350902
1.605254	7.351797
1.605354	7.352693
1.605454	7.353589
1.605554	7.354485
1.605654	7.355381
1.605754	7.356277
1.605854	7.357172
1.605954	7.358069
1.606054	7.358965
1.606154	7.359862
1.606254	7.360758
1.606354	7.361655
1.606454	7.362552
1.606554	7.363449
1.606654	7.364346
1.606754	7.365243
1.606854	7.366140
1.606954	7.367038
1.607054	7.367935
1.607154	7.368833
1.607254	7.369730
1.607354	7.370628
1.607454	7.371526
1.607554	7.372424
1.607654	7.373322
1.607754	7.374219
1.607854	7.375118
1.607954	7.376016
1.608054	7.376915
1.608154	7.377813
1.608254	7.378712
1.608354	7.379611
1.608454	7.380509
1.608554	7.381408
1.608654	7.382307
1.608755	7.383206
1.608855	7.384106
1.608955	7.385005
1.609055	7.385904
1.609155	7.386804
1.609255	7.387703
1.609355	7.388603
1.609455	7.389503
1.609555	7.390403
1.609655	7.391303
1.609755	7.392203
1.609855	7.393103
1.609955	7.394003
1.700070	8.247073
1.700170	8.248068
1.700270	8.249063
1.700370	8.250057
1.700470	8.251052
1.700570	8.252048
1.700670	8.253043
1.700770	8.254039
1.700870	8.255034
1.700970	8.256030
1.701070	8.257026
1.701170	8.258021
1.701270	8.259017
1.701370	8.260013
1.701470	8.261009
1.701570	8.262006
1.701670	8.263002
1.701770	8.263999
1.701870	8.264996
1.701970	8.265992
1.702070	8.266989
1.702170	8.267985
1.702270	8.268982
1.702370	8.269979
1.702470	8.270977
1.702570	8.271975
1.702670	8.272972
1.702770	8.273970
1.702870	8.274967
1.702970	8.275965
1.703070	8.276962
1.703170	8.277960
1.703270	8.278958
1.703370	8.279957
1.703470	8.280955
1.703570	8.281954
1.703670	8.282952
1.703770	8.283951
1.703870	8.284949
1.703970	8.285948
1.704070	8.286947
1.704170	8.287947
1.704270	8.288946
1.704370	8.289946
1.704470	8.290945
1.704570	8.291945
1.704670	8.292944
1.704770	8.293943
1.704870	8.294943
1.704970	8.295943
1.705070	8.296944
1.705171	8.297944
1.705271	8.298944
1.705371	8.299945
1.705471	8.300945
1.705571	8.301946
1.705671	8.302946
1.705771	8.303946
1.705871	8.304948
1.705971	8.305949
1.706071	8.306951
1.706171	8.307952
1.706271	8.308953
1.706371	8.309955
1.706471	8.310956
1.706571	8.311957
1.706671	8.312960
1.706771	8.313962
1.706871	8.314964
1.706971	8.315967
1.707071	8.316969
1.707171	8.317971
1.707271	8.318974
1.707371	8.319976
1.707471	8.320978
1.707571	8.321981
1.707671	8.322985
1.707771	8.323988
1.707871	8.324991
1.707971	8.325994
1.708071	8.326998
1.708171	8.328001
1.708271	8.329004
1.708371	8.330008
1.708471	8.331012
1.708571	8.332016
1.708671	8.333020
1.708771	8.334024
1.708871	8.335029
1.708971	8.336033
1.709071	8.337037
1.709171	8.338041
1.709271	8.339046
1.709371	8.340052
1.709471	8.341057
1.709571	8.342062
1.709671	8.343067
1.709771	8.344072
1.709871	8.345078
1.709971	8.346083
1.800086	9.298351
1.800186	9.299461
1.800286	9.300571
1.800386	9.301682
1.800486	9.302792
1.800586	9.303902
1.800686	9.305012
1.800786	9.306123
1.800886	9.307234
1.800986	9.308345
1.801086	9.309456
1.801186	9.310567
1.801286	9.311678
1.801386	9.312789
1.801486	9.313900
1.801587	9.315012
1.801687	9.316124
1.801787	9.317236
1.801887	9.318348
1.801987	9.319460
1.802087	9.320572
1.802187	9.321684
1.802287	9.322796
1.802387	9.323909
1.802487	9.325022
1.802587	9.326135
1.802687	9.327248
1.802787	9.328361
1.802887	9.329473
1.802987	9.330586
1.803087	9.331699
1.803187	9.332813
1.803287	9.333927
1.803387	9.335041
1.803487	9.336155
1.803587	9.337269
1.803687	9.338383
1.803787	9.339497
1.803887	9.340611
1.803987	9.341725
1.804087	9.342840
1.804187	9.343955
1.804287	9.345070
1.804387	9.346185
1.804487	9.347300
1.804587	9.348414
1.804687	9.349529
1.804787	9.350645
1.804887	9.351761
1.804987	9.352877
1.805087	9.353992
1.805187	9.355108
1.805287	9.356224
1.805387	9.357340
1.805487	9.358457
1.805587	9.359573
1.805687	9.360690
1.805787	9.361807
1.805887	9.362924
1.805987	9.364040
1.806087	9.365157
1.806187	9.366274
1.806287	9.367392
1.806387	9.368509
1.806487	9.369627
1.806587	9.370745
1.806687	9.371862
1.806787	9.372980
1.806887	9.374098
1.806987	9.375216
1.807087	9.376334
1.807187	9.377453
1.807287	9.378572
1.807387	9.379690
1.807487	9.380809
1.807588	9.381927
1.807688	9.383046
1.807788	9.384165
1.807888	9.385284
1.807988	9.386404
1.808088	9.387524
1.808188	9.388643
1.808288	9.389763
1.808388	9.390882
1.808488	9.392002
1.808588	9.393122
1.808688	9.394242
1.808788	9.395363
1.808888	9.396483
1.808988	9.397604
1.809088	9.398725
1.809188	9.399845
1.809288	9.400966
1.809388	9.402086
1.809488	9.403208
1.809588	9.404329
1.809688	9.405451
1.809788	9.406572
1.809888	9.407694
1.809988	9.408815
1.900003	10.469462
1.900103	10.470699
1.900203	10.471936
1.900303	10.473173
1.900403	10.474410
1.900503	10.475648
1.900603	10.476886
1.900703	10.478124
1.900803	10.479362
1.900903	10.480599
1.901003	10.481837
1.901103	10.483075
1.901203	10.484314
1.901303	10.485553
1.901403	10.486792
1.901503	10.488030
1.901603	10.489269
1.901703	10.490508
1.901803	10.491747
1.901903	10.492987
1.902003	10.494226
1.902103	10.495466
1.902203	10.496706
1.902303	10.497946
1.902403	10.499186
1.902503	10.500425
1.902603	10.501666
1.902703	10.502907
1.902803	10.504148
1.902903	10.505388
1.903003	10.506629
1.903103	10.507870
1.903203	10.509110
1.903303	10.510352
1.903403	10.511594
1.903503	10.512836
1.903603	10.514077
1.903703	10.515319
1.903803	10.516561
1.903903	10.517802
1.904004	10.519045
1.904104	10.520288
1.904204	10.521530
1.904304	10.522773
1.904404	10.524015
1.904504	10.525258
1.904604	10.526501
1.904704	10.527744
1.904804	10.528988
1.904904	10.530231
1.905004	10.531475
1.905104	10.532719
1.905204	10.533962
1.905304	10.535206
1.905404	10.536449
1.905504	10.537694
1.905604	10.538939
1.905704	10.540183
1.905804	10.541428
1.905904	10.542672
1.906004	10.543917
1.906104	10.545161
1.906204	10.546407
1.906304	10.547652
1.906404	10.548898
1.906504	10.550143
1.906604	10.551389
1.906704	10.552634
1.906804	10.553880
1.906904	10.555126
1.907004	10.556373
1.907104	10.557619
1.907204	10.558866
1.907304	10.560112
1.907404	10.561358
1.907504	10.562605
1.907604	10.563852
1.907704	10.565100
1.907804	10.566347
1.907904	10.567595
1.908004	10.568842
1.908104	10.570089
1.908204	10.571337
1.908304	10.572585
1.908404	10.573833
1.908504	10.575082
1.908604	10.576330
1.908704	10.577579
1.908804	10.578827
1.908904	10.580075
1.909004	10.581325
1.909104	10.582574
1.909204	10.583823
1.909304	10.585073
1.909404	10.586322
1.909504	10.587571
1.909604	10.588820
1.909704	10.590071
1.909804	10.591321
1.909904	10.592571
2.000019	11.775485
2.000119	11.776862
2.000219	11.778240
2.000319	11.779618
2.000419	11.780996
2.000519	11.782374
2.000619	11.783752
2.000719	11.785131
2.000818	11.786510
2.000918	11.787889
2.001018	11.789268
2.001118	11.790647
2.001218	11.792026
2.001318	11.793405
2.001418	11.794784
2.001518	11.796164
2.001618	11.797544
2.001718	11.798923
2.001817	11.800303
2.001917	11.801683
2.002017	11.803063
2.002117	11.804444
2.002217	11.805825
2.002317	11.807206
2.002417	11.808587
2.002517	11.809968
2.002617	11.811349
2.002717	11.812731
2.002816	11.814113
2.002916	11.815495
2.003016	11.816876
2.003116	11.818258
2.003216	11.819640
2.003316	11.821022
2.003416	11.822405
2.003516	11.823788
2.003616	11.825171
2.003716	11.826553
2.003815	11.827936
2.003915	11.829319
2.004015	11.830703
2.004115	11.832087
2.004215	11.833470
2.004315	11.834854
2.004415	11.836238
2.004515	11.837622
2.004615	11.839005
2.004714	11.840390
2.004814	11.841775
2.004914	11.843160
2.005014	11.844544
2.005114	11.845929
2.005214	11.847314
2.005314	11.848700
2.005414	11.850085
2.005514	11.851471
2.005614	11.852857
2.005713	11.854242
2.005813	11.855628
2.005913	11.857014
2.006013	11.858400
2.006113	11.859787
2.006213	11.861174
2.006313	11.862560
2.006413	11.863947
2.006513	11.865334
2.006613	11.866721
2.006712	11.868109
2.006812	11.869496
2.006912	11.870884
2.007012	11.872272
2.007112	11.873659
2.007212	11.875048
2.007312	11.876436
2.007412	11.877825
2.007512	11.879213
2.007612	11.880602
2.007711	11.881990
2.007811	11.883379
2.007911	11.884768
2.008011	11.886158
2.008111	11.887547
2.008211	11.888937
2.008311	11.890326
2.008411	11.891716
2.008511	11.893106
2.008610	11.894497
2.008710	11.895887
2.008810	11.897278
2.008910	11.898668
2.009010	11.900059
2.009110	11.901449
2.009210	11.902841
2.009310	11.904232
2.009410	11.905623
2.009510	11.907015
2.009609	11.908406
2.009709	11.909798
2.009809	11.911190
2.009909	11.912582
2.100017	13.230892
2.100116	13.232426
2.100216	13.233959
2.100316	13.235493
2.100416	13.237026
2.100516	13.238560
2.100616	13.240093
2.100716	13.241628
2.100816	13.243162
2.100916	13.244697
2.101016	13.246231
2.101115	13.247766
2.101215	13.249300
2.101315	13.250835
2.101415	13.252371
2.101515	13.253906
2.101615	13.255442
2.101715	13.256977
2.101815	13.258512
2.101915	13.260049
2.102015	13.261585
2.102114	13.263122
2.102214	13.264658
2.102314	13.266194
2.102414	13.267732
2.102514	13.269269
2.102614	13.270806
2.102714	13.272344
2.102814	13.273881
2.102914	13.275418
2.103014	13.276957
2.103113	13.278495
2.103213	13.280033
2.103313	13.281571
2.103413	13.283110
2.103513	13.284648
2.103613	13.286187
2.103713	13.287726
2.103813	13.289266
2.103913	13.290805
2.104012	13.292344
2.104112	13.293883
2.104212	13.295424
2.104312	13.296964
2.104412	13.298504
2.104512	13.300044
2.104612	13.301584
2.104712	13.303124
2.104812	13.304666
2.104912	13.306207
2.105011	13.307748
2.105111	13.309289
2.105211	13.310830
2.105311	13.312371
2.105411	13.313913
2.105511	13.315455
2.105611	13.316998
2.105711	13.318540
2.105811	13.320082
2.105911	13.321625
2.106010	13.323168
2.106110	13.324711
2.106210	13.326254
2.106310	13.327797
2.106410	13.329340
2.106510	13.330884
2.106610	13.332428
2.106710	13.333972
2.106810	13.335516
2.106910	13.337060
2.107009	13.338604
2.107109	13.340149
2.107209	13.341694
2.107309	13.343239
2.107409	13.344784
2.107509	13.346329
2.107609	13.347874
2.107709	13.349420
2.107809	13.350965
2.107908	13.352511
2.108008	13.354057
2.108108	13.355603
2.108208	13.357149
2.108308	13.358696
2.108408	13.360243
2.108508	13.361790
2.108608	13.363337
2.108708	13.364883
2.108808	13.366431
2.108907	13.367979
2.109007	13.369527
2.109107	13.371075
2.109207	13.372622
2.109307	13.374170
2.109407	13.375719
2.109507	13.377268
2.109607	13.378817
2.109707	13.380365
2.109807	13.381914
2.109906	13.383463
2.200014	14.850046
2.200114	14.851751
2.200214	14.853456
2.200314	14.855162
2.200413	14.856867
2.200513	14.858573
2.200613	14.860279
2.200713	14.861985
2.200813	14.863691
2.200913	14.865397
2.201013	14.867105
2.201113	14.868812
2.201213	14.870519
2.201313	14.872226
2.201412	14.873933
2.201512	14.875640
2.201612	14.877348
2.201712	14.879056
2.201812	14.880764
2.201912	14.882472
2.202012	14.884180
2.202112	14.885889
2.202212	14.887598
2.202312	14.889307
2.202411	14.891016
2.202511	14.892725
2.202611	14.894435
2.202711	14.896145
2.202811	14.897855
2.202911	14.899565
2.203011	14.901275
2.203111	14.902986
2.203211	14.904696
2.203310	14.906407
2.203410	14.908118
2.203510	14.909829
2.203610	14.911540
2.203710	14.913252
2.203810	14.914964
2.203910	14.916676
2.204010	14.918387
2.204110	14.920099
2.204210	14.921812
2.204309	14.923525
2.204409	14.925238
2.204509	14.926950
2.204609	14.928663
2.204709	14.930377
2.204809	14.932091
2.204909	14.933805
2.205009	14.935518
2.205109	14.937232
2.205209	14.938947
2.205308	14.940661
2.205408	14.942376
2.205508	14.944091
2.205608	14.945806
2.205708	14.947520
2.205808	14.949236
2.205908	14.950952
2.206008	14.952667
2.206108	14.954383
2.206208	14.956099
2.206307	14.957815
2.206407	14.959532
2.206507	14.961248
2.206607	14.962965
2.206707	14.964682
2.206807	14.966399
2.206907	14.968117
2.207007	14.969834
2.207107	14.971552
2.207206	14.973269
2.207306	14.974988
2.207406	14.976707
2.207506	14.978425
2.207606	14.980144
2.207706	14.981862
2.207806	14.983581
2.207906	14.985300
2.208006	14.987020
2.208106	14.988739
2.208205	14.990458
2.208305	14.992178
2.208405	14.993898
2.208505	14.995619
2.208605	14.997339
2.208705	14.999060
2.208805	15.000780
2.208905	15.002501
2.209005	15.004223
2.209105	15.005944
2.209204	15.007666
2.209304	15.009387
2.209404	15.011109
2.209504	15.012832
2.209604	15.014554
2.209704	15.016276
2.209804	15.017999
2.209904	15.019721
2.300011	16.650179
2.300111	16.652075
2.300211	16.653971
2.300311	16.655867
2.300411	16.657763
2.300511	16.659658
2.300611	16.661554
2.300710	16.663450
2.300810	16.665346
2.300910	16.667242
2.301010	16.669138
2.301110	16.671036
2.301210	16.672934
2.301310	16.674831
2.301410	16.676729
2.301510	16.678627
2.301610	16.680525
2.301709	16.682423
2.301809	16.684320
2.301909	16.686218
2.302009	16.688118
2.302109	16.690018
2.302209	16.691917
2.302309	16.693817
2.302409	16.695717
2.302509	16.697617
2.302608	16.699516
2.302708	16.701416
2.302808	16.703316
2.302908	16.705215
2.303008	16.707117
2.303108	16.709019
2.303208	16.710920
2.303308	16.712822
2.303408	16.714724
2.303508	16.716625
2.303607	16.718527
2.303707	16.720428
2.303807	16.722330
2.303907	16.724234
2.304007	16.726137
2.304107	16.728041
2.304207	16.729944
2.304307	16.731848
2.304407	16.733751
2.304507	16.735655
2.304606	16.737558
2.304706	16.739462
2.304806	16.741365
2.304906	16.743271
2.305006	16.745176
2.305106	16.747082
2.305206	16.748987
2.305306	16.750893
2.305406	16.752798
2.305506	16.754704
2.305605	16.756609
2.305705	16.758514
2.305805	16.760422
2.305905	16.762329
2.306005	16.764236
2.306105	16.766144
2.306205	16.768051
2.306305	16.769958
2.306405	16.771866
2.306504	16.773773
2.306604	16.775681
2.306704	16.777588
2.306804	16.779497
2.306904	16.781406
2.307004	16.783316
2.307104	16.785225
2.307204	16.787134
2.307304	16.789043
2.307404	16.790953
2.307503	16.792862
2.307603	16.794771
2.307703	16.796682
2.307803	16.798594
2.307903	16.800505
2.308003	16.802416
2.308103	16.804327
2.308203	16.806238
2.308303	16.808149
2.308403	16.810061
2.308502	16.811972
2.308602	16.813883
2.308702	16.815796
2.308802	16.817709
2.308902	16.819622
2.309002	16.821535
2.309102	16.823448
2.309202	16.825361
2.309302	16.827274
2.309402	16.829187
2.309501	16.831100
2.309601	16.833015
2.309701	16.834930
2.309801	16.836845
2.309901	16.838760
2.400008	18.650352
2.400108	18.652458
2.400208	18.654564
2.400308	18.656670
2.400408	18.658775
2.400508	18.660881
2.400608	18.662987
2.400708	18.665092
2.400808	18.667198
2.400908	18.669306
2.401007	18.671413
2.401107	18.673521
2.401207	18.675629
2.401307	18.677736
2.401407	18.679844
2.401507	18.681952
2.401607	18.684059
2.401707	18.686169
2.401807	18.688278
2.401906	18.690388
2.402006	18.692497
2.402106	18.694607
2.402206	18.696716
2.402306	18.698826
2.402406	18.700935
2.402506	18.703045
2.402606	18.705156
2.402706	18.707268
2.402806	18.709379
2.402905	18.711491
2.403005	18.713602
2.403105	18.715714
2.403205	18.717825
2.403305	18.719936
2.403405	18.722048
2.403505	18.724161
2.403605	18.726274
2.403705	18.728388
2.403805	18.730501
2.403904	18.732615
2.404004	18.734728
2.404104	18.736841
2.404204	18.738955
2.404304	18.741070
2.404404	18.743185
2.404504	18.745300
2.404604	18.747416
2.404704	18.749531
2.404804	18.751646
2.404903	18.753761
2.405003	18.755877
2.405103	18.757992
2.405203	18.760109
2.405303	18.762226
2.405403	18.764343
2.405503	18.766460
2.405603	18.768578
2.405703	18.770695
2.405802	18.772812
2.405902	18.774929
2.406002	18.777046
2.406102	18.779165
2.406202	18.781284
2.406302	18.783403
2.406402	18.785522
2.406502	18.787642
2.406602	18.789761
2.406702	18.791880
2.406801	18.793999
2.406901	18.796120
2.407001	18.798241
2.407101	18.800362
2.407201	18.802483
2.407301	18.804604
2.407401	18.806725
2.407501	18.808846
2.407601	18.810966
2.407701	18.813087
2.407800	18.815210
2.407900	18.817333
2.408000	18.819456
2.408100	18.821579
2.408200	18.823702
2.408300	18.825825
2.408400	18.827948
2.408500	18.830070
2.408600	18.832195
2.408700	18.834320
2.408799	18.836445
2.408899	18.838570
2.408999	18.840694
2.409099	18.842819
2.409199	18.844944
2.409299	18.847069
2.409399	18.849194
2.409499	18.851320
2.409599	18.853447
2.409698	18.855574
2.409798	18.857700
2.409898	18.859827
2.409998	18.861954
2.500006	20.871628
2.500106	20.873964
2.500206	20.876301
2.500305	20.878639
2.500405	20.880978
2.500505	20.883316
2.500605	20.885654
2.500705	20.887993
2.500805	20.890331
2.500905	20.892670
2.501005	20.895010
2.501105	20.897350
2.501204	20.899691
2.501304	20.902031
2.501404	20.904371
2.501504	20.906712
2.501604	20.909052
2.501704	20.911392
2.501804	20.913734
2.501904	20.916077
2.502004	20.918419
2.502104	20.920761
2.502203	20.923103
2.502303	20.925446
2.502403	20.927788
2.502503	20.930130
2.502603	20.932474
2.502703	20.934818
2.502803	20.937162
2.502903	20.939507
2.503003	20.941851
2.503103	20.944195
2.503202	20.946539
2.503302	20.948883
2.503402	20.951229
2.503502	20.953575
2.503602	20.955921
2.503702	20.958267
2.503802	20.960613
2.503902	20.962959
2.504002	20.965305
2.504102	20.967651
2.504201	20.969999
2.504301	20.972347
2.504401	20.974695
2.504501	20.977043
2.504601	20.979391
2.504701	20.981739
2.504801	20.984087
2.504901	20.986435
2.505001	20.988785
2.505100	20.991135
2.505200	20.993484
2.505300	20.995834
2.505400	20.998184
2.505500	21.000534
2.505600	21.002884
2.505700	21.005236
2.505800	21.007587
2.505900	21.009939
2.506000	21.012291
2.506099	21.014643
2.506199	21.016994
2.506299	21.019346
2.506399	21.021698
2.506499	21.024052
2.506599	21.026405
2.506699	21.028759
2.506799	21.031113
2.506899	21.033466
2.506999	21.035820
2.507098	21.038174
2.507198	21.040527
2.507298	21.042883
2.507398	21.045238
2.507498	21.047594
2.507598	21.049950
2.507698	21.052305
2.507798	21.054661
2.507898	21.057016
2.507998	21.059372
2.508097	21.061729
2.508197	21.064087
2.508297	21.066444
2.508397	21.068802
2.508497	21.071159
2.508597	21.073517
2.508697	21.075874
2.508797	21.078234
2.508897	21.080593
2.508996	21.082952
2.509096	21.085312
2.509196	21.087671
2.509296	21.090031
2.509396	21.092390
2.509496	21.094749
2.509596	21.097111
2.509696	21.099472
2.509796	21.101833
2.509896	21.104195
2.509995	21.106556
2.600003	23.337278
2.600103	23.339872
2.600203	23.342466
2.600303	23.345060
2.600403	23.347654
2.600502	23.350248
2.600602	23.352844
2.600702	23.355440
2.600802	23.358036
2.600902	23.360632
2.601002	23.363228
2.601102	23.365824
2.601202	23.368420
2.601302	23.371017
2.601402	23.373615
2.601501	23.376213
2.601601	23.378811
2.601701	23.381409
2.601801	23.384007
2.601901	23.386604
2.602001	23.389204
2.602101	23.391804
2.602201	23.394403
2.602301	23.397003
2.602401	23.399603
2.602500	23.402203
2.602600	23.404802
2.602700	23.407404
2.602800	23.410006
2.602900	23.412607
2.603000	23.415209
2.603100	23.417810
2.603200	23.420412
2.603300	23.423014
2.603400	23.425617
2.603499	23.428221
2.603599	23.430824
2.603699	23.433428
2.603799	23.436031
2.603899	23.438635
2.603999	23.441238
2.604099	23.443844
2.604199	23.446449
2.604299	23.449055
2.604398	23.451660
2.604498	23.454266
2.604598	23.456871
2.604698	23.459476
2.604798	23.462084
2.604898	23.464691
2.604998	23.467299
2.605098	23.469906
2.605198	23.472513
2.605298	23.475121
2.605397	23.477728
2.605497	23.480337
2.605597	23.482946
2.605697	23.485556
2.605797	23.488165
2.605897	23.490774
2.605997	23.493383
2.606097	23.495993
2.606197	23.498604
2.606297	23.501215
2.606396	23.503826
2.606496	23.506437
2.606596	23.509048
2.606696	23.511660
2.606796	23.514271
2.606896	23.516884
2.606996	23.519497
2.607096	23.522110
2.607196	23.524723
2.607296	23.527336
2.607395	23.529949
2.607495	23.532562
2.607595	23.535175
2.607695	23.537790
2.607795	23.540405
2.607895	23.543020
2.607995	23.545635
2.608095	23.548250
2.608195	23.550865
2.608294	23.553480
2.608394	23.556097
2.608494	23.558714
2.608594	23.561331
2.608694	23.563948
2.608794	23.566565
2.608894	23.569181
2.608994	23.571798
2.609094	23.574417
2.609194	23.577036
2.609293	23.579655
2.609393	23.582273
2.609493	23.584892
2.609593	23.587511
2.609693	23.590130
2.609793	23.592751
2.609893	23.595371
2.609993	23.597992
2.700000	26.073025
2.700100	26.075903
2.700200	26.078781
2.700300	26.081659
2.700400	26.084538
2.700500	26.087416
2.700600	26.090294
2.700700	26.093172
2.700799	26.096052
2.700899	26.098932
2.700999	26.101812
2.701099	26.104692
2.701199	26.107573
2.701299	26.110453
2.701399	26.113335
2.701499	26.116217
2.701599	26.119099
2.701699	26.121981
2.701798	26.124863
2.701898	26.127745
2.701998	26.130629
2.702098	26.133512
2.702198	26.136396
2.702298	26.139280
2.702398	26.142164
2.702498	26.145048
2.702598	26.147932
2.702698	26.150818
2.702797	26.153704
2.702897	26.156590
2.702997	26.159475
2.703097	26.162361
2.703197	26.165247
2.703297	26.168135
2.703397	26.171022
2.703497	26.173910
2.703597	26.176798
2.703696	26.179686
2.703796	26.182573
2.703896	26.185461
2.703996	26.188351
2.704096	26.191240
2.704196	26.194130
2.704296	26.197020
2.704396	26.199909
2.704496	26.202799
2.704596	26.205690
2.704695	26.208582
2.704795	26.211473
2.704895	26.214365
2.704995	26.217257
2.705095	26.220148
2.705195	26.223042
2.705295	26.225935
2.705395	26.228828
2.705495	26.231722
2.705595	26.234615
2.705694	26.237509
2.705794	26.240402
2.705894	26.243298
2.705994	26.246193
2.706094	26.249088
2.706194	26.251984
2.706294	26.254879
2.706394	26.257774
2.706494	26.260672
2.706594	26.263569
2.706693	26.266466
2.706793	26.269363
2.706893	26.272261
2.706993	26.275158
2.707093	26.278057
2.707193	26.280956
2.707293	26.283855
2.707393	26.286755
2.707493	26.289654
2.707592	26.292553
2.707692	26.295452
2.707792	26.298353
2.707892	26.301254
2.707992	26.304155
2.708092	26.307056
2.708192	26.309958
2.708292	26.312859
2.708392	26.315762
2.708492	26.318665
2.708591	26.321568
2.708691	26.324471
2.708791	26.327374
2.708891	26.330276
2.708991	26.333179
2.709091	26.336084
2.709191	26.338989
2.709291	26.341894
2.709391	26.344799
2.709491	26.347704
2.709590	26.350609
2.709690	26.353516
2.709790	26.356422
2.709890	26.359329
2.709990	26.362236
2.800097	29.110510
2.800197	29.113701
2.800297	29.116892
2.800397	29.120083
2.800497	29.123276
2.800597	29.126469
2.800697	29.129662
2.800797	29.132854
2.800897	29.136047
2.800997	29.139240
2.801096	29.142435
2.801196	29.145630
2.801296	29.148825
2.801396	29.152020
2.801496	29.155214
2.801596	29.158409
2.801696	29.161606
2.801796	29.164803
2.801896	29.167999
2.801996	29.171196
2.802095	29.174393
2.802195	29.177589
2.802295	29.180788
2.802395	29.183987
2.802495	29.187185
2.802595	29.190384
2.802695	29.193583
2.802795	29.196783
2.802895	29.199984
2.802994	29.203184
2.803094	29.206385
2.803194	29.209585
2.803294	29.212786
2.803394	29.215988
2.803494	29.219191
2.803594	29.222393
2.803694	29.225595
2.803794	29.228798
2.803894	29.232000
2.803993	29.235205
2.804093	29.238409
2.804193	29.241613
2.804293	29.244818
2.804393	29.248022
2.804493	29.251226
2.804593	29.254433
2.804693	29.257639
2.804793	29.260845
2.804893	29.264051
2.804992	29.267258
2.805092	29.270466
2.805192	29.273674
2.805292	29.276882
2.805392	29.280090
2.805492	29.283298
2.805592	29.286507
2.805692	29.289717
2.805792	29.292927
2.805892	29.296137
2.805991	29.299347
2.806091	29.302557
2.806191	29.305767
2.806291	29.308979
2.806391	29.312191
2.806491	29.315403
2.806591	29.318615
2.806691	29.321827
2.806791	29.325039
2.806890	29.328253
2.806990	29.331467
2.807090	29.334681
2.807190	29.337894
2.807290	29.341108
2.807390	29.344324
2.807490	29.347540
2.807590	29.350756
2.807690	29.353971
2.807790	29.357187
2.807889	29.360403
2.807989	29.363621
2.808089	29.366838
2.808189	29.370056
2.808289	29.373274
2.808389	29.376492
2.808489	29.379709
2.808589	29.382929
2.808689	29.386148
2.808789	29.389368
2.808888	29.392588
2.808988	29.395807
2.809088	29.399027
2.809188	29.402248
2.809288	29.405470
2.809388	29.408691
2.809488	29.411913
2.809588	29.415134
2.809688	29.418358
2.809788	29.421581
2.809887	29.424805
2.809987	29.428028
2.900095	32.475101
2.900195	32.478638
2.900295	32.482174
2.900394	32.485714
2.900494	32.489254
2.900594	32.492794
2.900694	32.496334
2.900794	32.499874
2.900894	32.503414
2.900994	32.506954
2.901094	32.510494
2.901194	32.514034
2.901294	32.517574
2.901393	32.521114
2.901493	32.524658
2.901593	32.528202
2.901693	32.531746
2.901793	32.535290
2.901893	32.538834
2.901993	32.542377
2.902093	32.545921
2.902193	32.549465
2.902292	32.553009
2.902392	32.556553
2.902492	32.560101
2.902592	32.563648
2.902692	32.567196
2.902792	32.570744
2.902892	32.574291
2.902992	32.577839
2.903092	32.581387
2.903192	32.584934
2.903291	32.588482
2.903391	32.592030
2.903491	32.595577
2.903591	32.599129
2.903691	32.602680
2.903791	32.606232
2.903891	32.609783
2.903991	32.613335
2.904091	32.616886
2.904191	32.620438
2.904290	32.623989
2.904390	32.627541
2.904490	32.631092
2.904590	32.634647
2.904690	32.638203
2.904790	32.641758
2.904890	32.645313
2.904990	32.648869
2.905090	32.652424
2.905190	32.655979
2.905289	32.659534
2.905389	32.663090
2.905489	32.666645
2.905589	32.670204
2.905689	32.673763
2.905789	32.677322
2.905889	32.680882
2.905989	32.684441
2.906089	32.688000
2.906188	32.691559
2.906288	32.695118
2.906388	32.698677
2.906488	32.702236
2.906588	32.705795
2.906688	32.709358
2.906788	32.712921
2.906888	32.716484
2.906988	32.720047
2.907088	32.723610
2.907187	32.727173
2.907287	32.730736
2.907387	32.734299
2.907487	32.737862
2.907587	32.741425
2.907687	32.744991
2.907787	32.748558
2.907887	32.752125
2.907987	32.755692
2.908087	32.759258
2.908186	32.762825
2.908286	32.766392
2.908386	32.769958
2.908486	32.773525
2.908586	32.777092
2.908686	32.780659
2.908786	32.784229
2.908886	32.787800
2.908986	32.791370
2.909086	32.794941
2.909185	32.798512
2.909285	32.802082
2.909385	32.805653
2.909485	32.809223
2.909585	32.812794
2.909685	32.816364
2.909785	32.819939
2.909885	32.823513
2.909985	32.827087
3.000092	36.204449
3.000192	36.208370
3.000292	36.212292
3.000392	36.216213
3.000492	36.220135
3.000592	36.224056
3.000691	36.227978
3.000791	36.231899
3.000891	36.235821
3.000991	36.239746
3.001091	36.243671
3.001191	36.247597
3.001291	36.251522
3.001391	36.255447
3.001491	36.259373
3.001590	36.263298
3.001690	36.267223
3.001790	36.271149
3.001890	36.275078
3.001990	36.279007
3.002090	36.282936
3.002190	36.286865
3.002290	36.290794
3.002390	36.294724
3.002490	36.298653
3.002589	36.302582
3.002689	36.306511
3.002789	36.310440
3.002889	36.314373
3.002989	36.318306
3.003089	36.322239
3.003189	36.326172
3.003289	36.330105
3.003389	36.334038
3.003489	36.337971
3.003588	36.341904
3.003688	36.345837
3.003788	36.349773
3.003888	36.353710
3.003988	36.357647
3.004088	36.361584
3.004188	36.365520
3.004288	36.369457
3.004388	36.373394
3.004488	36.377331
3.004587	36.381268
3.004687	36.385204
3.004787	36.389145
3.004887	36.393085
3.004987	36.397026
3.005087	36.400967
3.005187	36.404907
3.005287	36.408848
3.005387	36.412788
3.005486	36.416729
3.005586	36.420670
3.005686	36.424614
3.005786	36.428558
3.005886	36.432503
3.005986	36.436447
3.006086	36.440392
3.006186	36.444336
3.006286	36.448280
3.006386	36.452225
3.006485	36.456169
3.006585	36.460114
3.006685	36.464062
3.006785	36.468010
3.006885	36.471958
3.006985	36.475906
3.007085	36.479855
3.007185	36.483803
3.007285	36.487751
3.007385	36.491699
3.007484	36.495647
3.007584	36.499599
3.007684	36.503551
3.007784	36.507504
3.007884	36.511456
3.007984	36.515408
3.008084	36.519360
3.008184	36.523312
3.008284	36.527264
3.008384	36.531216
3.008483	36.535172
3.008583	36.539127
3.008683	36.543083
3.008783	36.547039
3.008883	36.550995
3.008983	36.554951
3.009083	36.558907
3.009183	36.562862
3.009283	36.566818
3.009382	36.570774
3.009482	36.574734
3.009582	36.578693
3.009682	36.582653
3.009782	36.586613
3.009882	36.590572
3.009982	36.594532
3.100089	40.336929
3.100189	40.341274
3.100289	40.345619
3.100389	40.349964
3.100489	40.354309
3.100589	40.358654
3.100689	40.362999
3.100789	40.367344
3.100888	40.371689
3.100988	40.376038
3.101088	40.380386
3.101188	40.384735
3.101288	40.389084
3.101388	40.393433
3.101488	40.397781
3.101588	40.402130
3.101688	40.406479
3.101788	40.410831
3.101887	40.415184
3.101987	40.419537
3.102087	40.423889
3.102187	40.428242
3.102287	40.432594
3.102387	40.436947
3.102487	40.441299
3.102587	40.445652
3.102687	40.450008
3.102787	40.454365
3.102886	40.458721
3.102986	40.463078
3.103086	40.467434
3.103186	40.471790
3.103286	40.476147
3.103386	40.480503
3.103486	40.484863
3.103586	40.489223
3.103686	40.493584
3.103786	40.497944
3.103885	40.502304
3.103985	40.506664
3.104085	40.511024
3.104185	40.515385
3.104285	40.519745
3.104385	40.524109
3.104485	40.528473
3.104585	40.532837
3.104685	40.537201
3.104784	40.541565
3.104884	40.545929
3.104984	40.550293
3.105084	40.554657
3.105184	40.559025
3.105284	40.563393
3.105384	40.567760
3.105484	40.572128
3.105584	40.576496
3.105684	40.580864
3.105783	40.585232
3.105883	40.589600
3.105983	40.593967
3.106083	40.598339
3.106183	40.602711
3.106283	40.607082
3.106383	40.611454
3.106483	40.615826
3.106583	40.620197
3.106683	40.624569
3.106782	40.628941
3.106882	40.633316
3.106982	40.637691
3.107082	40.642067
3.107182	40.646442
3.107282	40.650818
3.107382	40.655193
3.107482	40.659569
3.107582	40.663944
3.107682	40.668320
3.107781	40.672699
3.107881	40.677078
3.107981	40.681458
3.108081	40.685837
3.108181	40.690216
3.108281	40.694595
3.108381	40.698975
3.108481	40.703354
3.108581	40.707737
3.108680	40.712120
3.108780	40.716503
3.108880	40.720886
3.108980	40.725269
3.109080	40.729652
3.109180	40.734035
3.109280	40.738419
3.109380	40.742802
3.109480	40.747189
3.109580	40.751575
3.109679	40.755962
3.109779	40.760349
3.109879	40.764736
3.109979	40.769123
3.200087	44.915012
3.200186	44.919823
3.200286	44.924633
3.200386	44.929447
3.200486	44.934261
3.200586	44.939075
3.200686	44.943890
3.200786	44.948704
3.200886	44.953518
3.200986	44.958332
3.201086	44.963146
3.201185	44.967964
3.201285	44.972782
3.201385	44.977600
3.201485	44.982418
3.201585	44.987236
3.201685	44.992054
3.201785	44.996872
3.201885	45.001694
3.201985	45.006516
3.202085	45.011337
3.202184	45.016159
3.202284	45.020981
3.202384	45.025803
3.202484	45.030624
3.202584	45.035446
3.202684	45.040272
3.202784	45.045097
3.202884	45.049923
3.202984	45.054749
3.203084	45.059574
3.203183	45.064400
3.203283	45.069225
3.203383	45.074051
3.203483	45.078880
3.203583	45.083710
3.203683	45.088539
3.203783	45.093369
3.203883	45.098198
3.203983	45.103027
3.204082	45.107857
3.204182	45.112686
3.204282	45.117519
3.204382	45.122353
3.204482	45.127186
3.204582	45.132019
3.204682	45.136852
3.204782	45.141685
3.204882	45.146519
3.204982	45.151356
3.205081	45.156193
3.205181	45.161030
3.205281	45.165867
3.205381	45.170704
3.205481	45.175541
3.205581	45.180378
3.205681	45.185215
3.205781	45.190056
3.205881	45.194897
3.205981	45.199738
3.206080	45.204578
3.206180	45.209419
3.206280	45.214260
3.206380	45.219101
3.206480	45.223942
3.206580	45.228786
3.206680	45.233631
3.206780	45.238476
3.206880	45.243320
3.206980	45.248165
3.207079	45.253010
3.207179	45.257854
3.207279	45.262699
3.207379	45.267548
3.207479	45.272396
3.207579	45.277245
3.207679	45.282093
3.207779	45.286942
3.207879	45.291790
3.207978	45.296638
3.208078	45.301491
3.208178	45.306343
3.208278	45.311195
3.208378	45.316048
3.208478	45.320900
3.208578	45.325752
3.208678	45.330605
3.208778	45.335457
3.208878	45.340313
3.208977	45.345169
3.209077	45.350025
3.209177	45.354881
3.209277	45.359737
3.209377	45.364594
3.209477	45.369450
3.209577	45.374306
3.209677	45.379166
3.209777	45.384026
3.209877	45.388885
3.209976	45.393745
3.300084	49.985569
3.300184	49.990898
3.300284	49.996227
3.300384	50.001556
3.300483	50.006886
3.300583	50.012215
3.300683	50.017548
3.300783	50.022881
3.300883	50.028214
3.300983	50.033546
3.301083	50.038879
3.301183	50.044212
3.301283	50.049545
3.301383	50.054882
3.301482	50.060219
3.301582	50.065556
3.301682	50.070892
3.301782	50.076229
3.301882	50.081566
3.301982	50.086903
3.302082	50.092243
3.302182	50.097584
3.302282	50.102924
3.302382	50.108265
3.302481	50.113605
3.302581	50.118946
3.302681	50.124287
3.302781	50.129631
3.302881	50.134975
3.302981	50.140320
3.303081	50.145664
3.303181	50.151009
3.303281	50.156353
3.303380	50.161697
3.303480	50.167046
3.303580	50.172394
3.303680	50.177742
3.303780	50.183090
3.303880	50.188438
3.303980	50.193787
3.304080	50.199135
3.304180	50.204487
3.304280	50.209839
3.304379	50.215191
3.304479	50.220543
3.304579	50.225895
3.304679	50.231247
3.304779	50.236599
3.304879	50.241955
3.304979	50.247311
3.305079	50.252666
3.305179	50.258022
3.305279	50.263378
3.305378	50.268734
3.305478	50.274090
3.305578	50.279449
3.305678	50.284809
3.305778	50.290169
3.305878	50.295528
3.305978	50.300888
3.306078	50.306248
3.306178	50.311607
3.306278	50.316971
3.306377	50.322334
3.306477	50.327698
3.306577	50.333061
3.306677	50.338425
3.306777	50.343788
3.306877	50.349152
3.306977	50.354519
3.307077	50.359886
3.307177	50.365253
3.307276	50.370621
3.307376	50.375988
3.307476	50.381355
3.307576	50.386723
3.307676	50.392094
3.307776	50.397465
3.307876	50.402836
3.307976	50.408207
3.308076	50.413578
3.308176	50.418949
3.308275	50.424320
3.308375	50.429695
3.308475	50.435070
3.308575	50.440445
3.308675	50.445820
3.308775	50.451195
3.308875	50.456570
3.308975	50.461945
3.309075	50.467323
3.309175	50.472702
3.309274	50.478081
3.309374	50.483459
3.309474	50.488838
3.309574	50.494217
3.309674	50.499596
3.309774	50.504978
3.309874	50.510361
3.309974	50.515743
3.400081	55.600456
3.400181	55.606358
3.400281	55.612259
3.400381	55.618160
3.400481	55.624062
3.400581	55.629963
3.400681	55.635864
3.400780	55.641769
3.400880	55.647675
3.400980	55.653580
3.401080	55.659485
3.401180	55.665390
3.401280	55.671295
3.401380	55.677204
3.401480	55.683113
3.401580	55.689022
3.401680	55.694931
3.401779	55.700840
3.401879	55.706749
3.401979	55.712658
3.402079	55.718571
3.402179	55.724483
3.402279	55.730396
3.402379	55.736309
3.402479	55.742222
3.402579	55.748135
3.402678	55.754051
3.402778	55.759968
3.402878	55.765884
3.402978	55.771801
3.403078	55.777718
3.403178	55.783634
3.403278	55.789555
3.403378	55.795475
3.403478	55.801395
3.403578	55.807316
3.403677	55.813236
3.403777	55.819157
3.403877	55.825077
3.403977	55.831001
3.404077	55.836926
3.404177	55.842850
3.404277	55.848774
3.404377	55.854698
3.404477	55.860622
3.404577	55.866550
3.404676	55.872478
3.404776	55.878407
3.404876	55.884335
3.404976	55.890263
3.405076	55.896191
3.405176	55.902122
3.405276	55.908054
3.405376	55.913986
3.405476	55.919918
3.405576	55.925850
3.405675	55.931782
3.405775	55.937714
3.405875	55.943649
3.405975	55.949585
3.406075	55.955521
3.406175	55.961456
3.406275	55.967392
3.406375	55.973328
3.406475	55.979267
3.406574	55.985207
3.406674	55.991146
3.406774	55.997086
3.406874	56.003025
3.406974	56.008965
3.407074	56.014908
3.407174	56.020851
3.407274	56.026794
3.407374	56.032738
3.407474	56.038681
3.407573	56.044624
3.407673	56.050571
3.407773	56.056519
3.407873	56.062466
3.407973	56.068413
3.408073	56.074360
3.408173	56.080307
3.408273	56.086254
3.408373	56.092205
3.408473	56.098156
3.408572	56.104107
3.408672	56.110058
3.408772	56.116009
3.408872	56.121960
3.408972	56.127914
3.409072	56.133869
3.409172	56.139824
3.409272	56.145779
3.409372	56.151733
3.409472	56.157688
3.409571	56.163647
3.409671	56.169605
3.409771	56.175564
3.409871	56.181522
3.409971	56.187481
3.500078	61.816963
3.500178	61.823494
3.500278	61.830025
3.500378	61.836559
3.500478	61.843094
3.500578	61.849628
3.500678	61.856163
3.500778	61.862698
3.500878	61.869232
3.500978	61.875771
3.501077	61.882309
3.501177	61.888847
3.501277	61.895386
3.501377	61.901924
3.501477	61.908466
3.501577	61.915009
3.501677	61.921551
3.501777	61.928093
3.501877	61.934635
3.501976	61.941177
3.502076	61.947723
3.502176	61.954269
3.502276	61.960815
3.502376	61.967361
3.502476	61.973907
3.502576	61.980453
3.502676	61.987003
3.502776	61.993553
3.502876	62.000103
3.502975	62.006653
3.503075	62.013203
3.503175	62.019753
3.503275	62.026306
3.503375	62.032860
3.503475	62.039413
3.503575	62.045967
3.503675	62.052521
3.503775	62.059078
3.503875	62.065636
3.503974	62.072193
3.504074	62.078751
3.504174	62.085308
3.504274	62.091866
3.504374	62.098427
3.504474	62.104988
3.504574	62.111549
3.504674	62.118111
3.504774	62.124672
3.504874	62.131233
3.504973	62.137798
3.505073	62.144363
3.505173	62.150928
3.505273	62.157494
3.505373	62.164059
3.505473	62.170624
3.505573	62.177193
3.505673	62.183762
3.505773	62.190331
3.505872	62.196899
3.505972	62.203468
3.506072	62.210041
3.506172	62.216614
3.506272	62.223186
3.506372	62.229759
3.506472	62.236332
3.506572	62.242905
3.506672	62.249481
3.506772	62.256058
3.506871	62.262634
3.506971	62.269211
3.507071	62.275787
3.507171	62.282364
3.507271	62.288944
3.507371	62.295525
3.507471	62.302105
3.507571	62.308685
3.507671	62.315266
3.507771	62.321850
3.507870	62.328434
3.507970	62.335018
3.508070	62.341602
3.508170	62.348186
3.508270	62.354771
3.508370	62.361359
3.508470	62.367947
3.508570	62.374535
3.508670	62.381123
3.508770	62.387711
3.508869	62.394299
3.508969	62.400890
3.509069	62.407482
3.509169	62.414074
3.509269	62.420666
3.509369	62.427258
3.509469	62.433849
3.509569	62.440445
3.509669	62.447041
3.509768	62.453636
3.509868	62.460232
3.509968	62.466827
3.600076	68.698471
3.600176	68.705704
3.600276	68.712936
3.600375	68.720169
3.600475	68.727402
3.600575	68.734634
3.600675	68.741867
3.600775	68.749100
3.600875	68.756332
3.600975	68.763565
3.601075	68.770798
3.601175	68.778038
3.601274	68.785278
3.601374	68.792519
3.601474	68.799759
3.601574	68.806999
3.601674	68.814240
3.601774	68.821480
3.601874	68.828720
3.601974	68.835960
3.602074	68.843201
3.602174	68.850449
3.602273	68.857697
3.602373	68.864944
3.602473	68.872192
3.602573	68.879440
3.602673	68.886688
3.602773	68.893936
3.602873	68.901184
3.602973	68.908432
3.603073	68.915680
3.603173	68.922935
3.603272	68.930191
3.603372	68.937447
3.603472	68.944702
3.603572	68.951958
3.603672	68.959213
3.603772	68.966469
3.603872	68.973724
3.603972	68.980980
3.604072	68.988235
3.604172	68.995491
3.604271	69.002754
3.604371	69.010017
3.604471	69.017281
3.604571	69.024544
3.604671	69.031807
3.604771	69.039070
3.604871	69.046333
3.604971	69.053596
3.605071	69.060860
3.605170	69.068123
3.605270	69.075394
3.605370	69.082664
3.605470	69.089935
3.605570	69.097206
3.605670	69.104477
3.605770	69.111748
3.605870	69.119019
3.605970	69.126289
3.606070	69.133560
3.606169	69.140831
3.606269	69.148109
3.606369	69.155388
3.606469	69.162666
3.606569	69.169945
3.606669	69.177223
3.606769	69.184502
3.606869	69.191780
3.606969	69.199059
3.607069	69.206337
3.607168	69.213615
3.607268	69.220894
3.607368	69.228180
3.607468	69.235466
3.607568	69.242752
3.607668	69.250038
3.607768	69.257324
3.607868	69.264610
3.607968	69.271896
3.608068	69.279182
3.608167	69.286469
3.608267	69.293755
3.608367	69.301048
3.608467	69.308342
3.608567	69.315636
3.608667	69.322929
3.608767	69.330223
3.608867	69.337517
3.608967	69.344810
3.609066	69.352104
3.609166	69.359398
3.609266	69.366692
3.609366	69.373993
3.609466	69.381294
3.609566	69.388596
3.609666	69.395897
3.609766	69.403198
3.609866	69.410500
3.609966	69.417801
3.700073	76.314941
3.700173	76.322945
3.700273	76.330948
3.700373	76.338951
3.700473	76.346954
3.700572	76.354958
3.700672	76.362961
3.700772	76.370964
3.700872	76.378975
3.700972	76.386986
3.701072	76.394997
3.701172	76.403008
3.701272	76.411018
3.701372	76.419029
3.701472	76.427040
3.701571	76.435051
3.701671	76.443062
3.701771	76.451073
3.701871	76.459091
3.701971	76.467110
3.702071	76.475128
3.702171	76.483147
3.702271	76.491165
3.702371	76.499184
3.702471	76.507202
3.702570	76.515221
3.702670	76.523239
3.702770	76.531265
3.702870	76.539291
3.702970	76.547318
3.703070	76.555344
3.703170	76.563370
3.703270	76.571396
3.703370	76.579422
3.703470	76.587448
3.703569	76.595474
3.703669	76.603500
3.703769	76.611534
3.703869	76.619568
3.703969	76.627602
3.704069	76.635635
3.704169	76.643669
3.704269	76.651703
3.704369	76.659737
3.704468	76.667770
3.704568	76.675804
3.704668	76.683846
3.704768	76.691887
3.704868	76.699928
3.704968	76.707970
3.705068	76.716011
3.705168	76.724052
3.705268	76.732094
3.705368	76.740135
3.705467	76.748177
3.705567	76.756226
3.705667	76.764275
3.705767	76.772324
3.705867	76.780373
3.705967	76.788422
3.706067	76.796471
3.706167	76.804520
3.706267	76.812569
3.706367	76.820618
3.706466	76.828667
3.706566	76.836723
3.706666	76.844780
3.706766	76.852837
3.706866	76.860893
3.706966	76.868950
3.707066	76.877007
3.707166	76.885063
3.707266	76.893120
3.707366	76.901176
3.707465	76.909241
3.707565	76.917305
3.707665	76.925369
3.707765	76.933434
3.707865	76.941498
3.707965	76.949562
3.708065	76.957626
3.708165	76.965691
3.708265	76.973755
3.708364	76.981827
3.708464	76.989899
3.708564	76.997971
3.708664	77.006042
3.708764	77.014114
3.708864	77.022186
3.708964	77.030258
3.709064	77.038330
3.709164	77.046402
3.709264	77.054474
3.709363	77.062553
3.709463	77.070633
3.709563	77.078712
3.709663	77.086792
3.709763	77.094872
3.709863	77.102951
3.709963	77.111031
3.800070	84.743774
3.800170	84.752632
3.800270	84.761490
3.800370	84.770348
3.800470	84.779205
3.800570	84.788063
3.800670	84.796921
3.800770	84.805779
3.800869	84.814636
3.800969	84.823502
3.801069	84.832367
3.801169	84.841232
3.801269	84.850098
3.801369	84.858963
3.801469	84.867828
3.801569	84.876694
3.801669	84.885559
3.801769	84.894424
3.801868	84.903297
3.801968	84.912170
3.802068	84.921043
3.802168	84.929916
3.802268	84.938789
3.802368	84.947662
3.802468	84.956535
3.802568	84.965408
3.802668	84.974289
3.802768	84.983170
3.802867	84.992050
3.802967	85.000931
3.803067	85.009811
3.803167	85.018692
3.803267	85.027573
3.803367	85.036453
3.803467	85.045334
3.803567	85.054222
3.803667	85.063110
3.803766	85.071999
3.803866	85.080887
3.803966	85.089775
3.804066	85.098663
3.804166	85.107552
3.804266	85.116440
3.804366	85.125336
3.804466	85.134232
3.804566	85.143127
3.804666	85.152023
3.804765	85.160919
3.804865	85.169815
3.804965	85.178711
3.805065	85.187607
3.805165	85.196503
3.805265	85.205406
3.805365	85.214310
3.805465	85.223213
3.805565	85.232117
3.805665	85.241020
3.805764	85.249924
3.805864	85.258827
3.805964	85.267731
3.806064	85.276642
3.806164	85.285553
3.806264	85.294464
3.806364	85.303375
3.806464	85.312286
3.806564	85.321198
3.806664	85.330109
3.806763	85.339020
3.806863	85.347931
3.806963	85.356850
3.807063	85.365768
3.807163	85.374687
3.807263	85.383606
3.807363	85.392525
3.807463	85.401443
3.807563	85.410362
3.807662	85.419281
3.807762	85.428207
3.807862	85.437134
3.807962	85.446060
3.808062	85.454987
3.808162	85.463913
3.808262	85.472839
3.808362	85.481766
3.808462	85.490692
3.808562	85.499619
3.808661	85.508553
3.808761	85.517487
3.808861	85.526421
3.808961	85.535355
3.809061	85.544289
3.809161	85.553223
3.809261	85.562157
3.809361	85.571091
3.809461	85.580032
3.809561	85.588974
3.809660	85.597916
3.809760	85.606857
3.809860	85.615799
3.809960	85.624741
3.900068	94.070557
3.900167	94.080353
3.900267	94.090149
3.900367	94.099945
3.900467	94.109749
3.900567	94.119553
3.900667	94.129356
3.900767	94.139160
3.900867	94.148964
3.900967	94.158768
3.901067	94.168571
3.901166	94.178375
3.901266	94.188187
3.901366	94.197998
3.901466	94.207809
3.901566	94.217621
3.901666	94.227432
3.901766	94.237244
3.901866	94.247055
3.901966	94.256866
3.902066	94.266685
3.902165	94.276505
3.902265	94.286324
3.902365	94.296143
3.902465	94.305962
3.902565	94.315781
3.902665	94.325600
3.902765	94.335419
3.902865	94.345245
3.902965	94.355072
3.903064	94.364899
3.903164	94.374725
3.903264	94.384552
3.903364	94.394379
3.903464	94.404205
3.903564	94.414040
3.903664	94.423874
3.903764	94.433708
3.903864	94.443542
3.903964	94.453377
3.904063	94.463211
3.904163	94.473045
3.904263	94.482880
3.904363	94.492722
3.904463	94.502563
3.904563	94.512405
3.904663	94.522247
3.904763	94.532089
3.904863	94.541931
3.904963	94.551773
3.905062	94.561615
3.905162	94.571465
3.905262	94.581314
3.905362	94.591164
3.905462	94.601013
3.905562	94.610863
3.905662	94.620712
3.905762	94.630562
3.905862	94.640419
3.905962	94.650276
3.906061	94.660133
3.906161	94.669991
3.906261	94.679848
3.906361	94.689705
3.906461	94.699562
3.906561	94.709419
3.906661	94.719284
3.906761	94.729149
3.906861	94.739014
3.906960	94.748878
3.907060	94.758743
3.907160	94.768608
3.907260	94.778473
3.907360	94.788338
3.907460	94.798210
3.907560	94.808083
3.907660	94.817955
3.907760	94.827827
3.907860	94.837700
3.907959	94.847572
3.908059	94.857445
3.908159	94.867325
3.908259	94.877205
3.908359	94.887085
3.908459	94.896965
3.908559	94.906845
3.908659	94.916725
3.908759	94.926605
3.908859	94.936485
3.908958	94.946373
3.909058	94.956261
3.909158	94.966148
3.909258	94.976036
3.909358	94.985924
3.909458	94.995811
3.909558	95.005699
3.909658	95.015594
3.909758	95.025490
3.909858	95.035385
3.909957	95.045280
4.000065	104.389679
4.000165	104.400520
4.000265	104.411362
4.000365	104.422203
4.000465	104.433044
4.000566	104.443886
4.000666	104.454727
4.000766	104.465576
4.000866	104.476425
4.000966	104.487274
4.001066	104.498123
4.001166	104.508972
4.001266	104.519821
4.001367	104.530670
4.001467	104.541527
4.001567	104.552383
4.001667	104.563240
4.001767	104.574097
4.001867	104.584953
4.001967	104.595810
4.002068	104.606667
4.002168	104.617531
4.002268	104.628395
4.002368	104.639259
4.002468	104.650124
4.002568	104.660988
4.002668	104.671852
4.002769	104.682716
4.002869	104.693588
4.002969	104.704460
4.003069	104.715332
4.003169	104.726204
4.003269	104.737076
4.003369	104.747948
4.003469	104.758820
4.003570	104.769699
4.003670	104.780579
4.003770	104.791458
4.003870	104.802338
4.003970	104.813217
4.004070	104.824097
4.004170	104.834976
4.004271	104.845863
4.004371	104.856750
4.004471	104.867638
4.004571	104.878525
4.004671	104.889412
4.004771	104.900299
4.004871	104.911186
4.004972	104.922081
4.005072	104.932976
4.005172	104.943871
4.005272	104.954765
4.005372	104.965660
4.005472	104.976555
4.005572	104.987450
4.005672	104.998352
4.005773	105.009254
4.005873	105.020157
4.005973	105.031059
4.006073	105.041962
4.006173	105.052864
4.006273	105.063766
4.006373	105.074677
4.006474	105.085587
4.006574	105.096497
4.006674	105.107407
4.006774	105.118317
4.006874	105.129227
4.006974	105.140137
4.007074	105.151054
4.007174	105.161972
4.007275	105.172890
4.007375	105.183807
4.007475	105.194725
4.007575	105.205643
4.007675	105.216560
4.007775	105.227486
4.007875	105.238411
4.007976	105.249336
4.008076	105.260262
4.008176	105.271187
4.008276	105.282112
4.008376	105.293037
4.008476	105.303970
4.008576	105.314903
4.008677	105.325836
4.008777	105.336769
4.008877	105.347702
4.008977	105.358635
4.009077	105.369576
4.009177	105.380516
4.009277	105.391457
4.009377	105.402397
4.009478	105.413338
4.009578	105.424278
4.009678	105.435219
4.009778	105.446167
4.009878	105.457115
4.009978	105.468063
4.100000	115.769714
4.100101	115.781700
4.100201	115.793686
4.100301	115.805672
4.100401	115.817665
4.100501	115.829659
4.100601	115.841652
4.100701	115.853645
4.100801	115.865639
4.100902	115.877632
4.101002	115.889633
4.101102	115.901634
4.101202	115.913635
4.101302	115.925636
4.101402	115.937637
4.101502	115.949638
4.101603	115.961647
4.101703	115.973656
4.101803	115.985664
4.101903	115.997673
4.102003	116.009682
4.102103	116.021690
4.102203	116.033699
4.102304	116.045715
4.102404	116.057732
4.102504	116.069748
4.102604	116.081764
4.102704	116.093781
4.102804	116.105797
4.102904	116.117821
4.103004	116.129845
4.103105	116.141869
4.103205	116.153893
4.103305	116.165916
4.103405	116.177940
4.103505	116.189972
4.103605	116.202003
4.103705	116.214035
4.103806	116.226067
4.103906	116.238098
4.104006	116.250130
4.104106	116.262169
4.104206	116.274208
4.104306	116.286247
4.104406	116.298286
4.104506	116.310326
4.104607	116.322365
4.104707	116.334404
4.104807	116.346451
4.104907	116.358498
4.105007	116.370544
4.105107	116.382591
4.105207	116.394638
4.105308	116.406685
4.105408	116.418739
4.105508	116.430794
4.105608	116.442848
4.105708	116.454903
4.105808	116.466957
4.105908	116.479012
4.106009	116.491074
4.106109	116.503136
4.106209	116.515198
4.106309	116.527260
4.106409	116.539322
4.106509	116.551384
4.106609	116.563446
4.106709	116.575516
4.106810	116.587585
4.106910	116.599655
4.107010	116.611725
4.107110	116.623795
4.107210	116.635864
4.107310	116.647942
4.107410	116.660019
4.107511	116.672096
4.107611	116.684174
4.107711	116.696251
4.107811	116.708328
4.107911	116.720413
4.108011	116.732498
4.108111	116.744583
4.108212	116.756668
4.108312	116.768753
4.108412	116.780838
4.108512	116.792931
4.108612	116.805023
4.108712	116.817116
4.108812	116.829208
4.108912	116.841301
4.109013	116.853394
4.109113	116.865486
4.109213	116.877586
4.109313	116.889687
4.109413	116.901787
4.109513	116.913887
4.109613	116.925987
4.109714	116.938087
4.109814	116.950195
4.109914	116.962303
4.200036	128.367798
4.200136	128.381058
4.200236	128.394318
4.200336	128.407578
4.200437	128.420837
4.200537	128.434097
4.200637	128.447357
4.200737	128.460617
4.200837	128.473877
4.200937	128.487137
4.201037	128.500412
4.201138	128.513687
4.201238	128.526962
4.201338	128.540237
4.201438	128.553513
4.201538	128.566788
4.201638	128.580063
4.201738	128.593338
4.201838	128.606613
4.201939	128.619888
4.202039	128.633163
4.202139	128.646454
4.202239	128.659744
4.202339	128.673035
4.202439	128.686325
4.202539	128.699615
4.202640	128.712906
4.202740	128.726196
4.202840	128.739487
4.202940	128.752777
4.203040	128.766068
4.203140	128.779358
4.203240	128.792664
4.203341	128.805969
4.203441	128.819275
4.203541	128.832581
4.203641	128.845886
4.203741	128.859192
4.203841	128.872498
4.203941	128.885803
4.204041	128.899109
4.204142	128.912415
4.204242	128.925720
4.204342	128.939026
4.204442	128.952347
4.204542	128.965668
4.204642	128.978989
4.204742	128.992310
4.204843	129.005630
4.204943	129.018951
4.205043	129.032272
4.205143	129.045593
4.205243	129.058914
4.205343	129.072235
4.205443	129.085556
4.205544	129.098892
4.205644	129.112228
4.205744	129.125565
4.205844	129.138901
4.205944	129.152237
4.206044	129.165573
4.206144	129.178909
4.206244	129.192245
4.206345	129.205582
4.206445	129.218918
4.206545	129.232254
4.206645	129.245605
4.206745	129.258957
4.206845	129.272308
4.206945	129.285660
4.207046	129.299011
4.207146	129.312363
4.207246	129.325714
4.207346	129.339066
4.207446	129.352417
4.207546	129.365768
4.207646	129.379120
4.207747	129.392471
4.207847	129.405838
4.207947	129.419205
4.208047	129.432571
4.208147	129.445938
4.208247	129.459305
4.208347	129.472672
4.208447	129.486038
4.208548	129.499405
4.208648	129.512772
4.208748	129.526138
4.208848	129.539505
4.208948	129.552887
4.209048	129.566269
4.209148	129.579651
4.209249	129.593033
4.209349	129.606415
4.209449	129.619797
4.209549	129.633179
4.209649	129.646561
4.209749	129.659943
4.209849	129.673325
4.209949	129.686707
4.300072	142.299927
4.300172	142.314590
4.300272	142.329254
4.300372	142.343918
4.300472	142.358582
4.300572	142.373245
4.300673	142.387909
4.300773	142.402573
4.300873	142.417236
4.300973	142.431915
4.301073	142.446594
4.301173	142.461273
4.301273	142.475952
4.301373	142.490631
4.301474	142.505310
4.301574	142.519989
4.301674	142.534668
4.301774	142.549347
4.301874	142.564026
4.301974	142.578720
4.302074	142.593414
4.302175	142.608109
4.302275	142.622803
4.302375	142.637497
4.302475	142.652191
4.302575	142.666885
4.302675	142.681580
4.302775	142.696274
4.302876	142.710968
4.302976	142.725662
4.303076	142.740372
4.303176	142.755081
4.303276	142.769791
4.303376	142.784500
4.303476	142.799210
4.303576	142.813919
4.303677	142.828629
4.303777	142.843338
4.303877	142.858047
4.303977	142.872757
4.304077	142.887482
4.304177	142.902206
4.304277	142.916931
4.304378	142.931656
4.304478	142.946381
4.304578	142.961105
4.304678	142.975830
4.304778	142.990555
4.304878	143.005280
4.304978	143.020004
4.305079	143.034744
4.305179	143.049484
4.305279	143.064224
4.305379	143.078964
4.305479	143.093704
4.305579	143.108444
4.305679	143.123184
4.305779	143.137924
4.305880	143.152664
4.305980	143.167404
4.306080	143.182144
4.306180	143.196899
4.306280	143.211655
4.306380	143.226410
4.306480	143.241165
4.306581	143.255920
4.306681	143.270676
4.306781	143.285431
4.306881	143.300186
4.306981	143.314941
4.307081	143.329697
4.307181	143.344467
4.307281	143.359238
4.307382	143.374008
4.307482	143.388779
4.307582	143.403549
4.307682	143.418320
4.307782	143.433090
4.307882	143.447861
4.307982	143.462631
4.308083	143.477402
4.308183	143.492188
4.308283	143.506973
4.308383	143.521759
4.308483	143.536545
4.308583	143.551331
4.308683	143.566116
4.308784	143.580902
4.308884	143.595688
4.308984	143.610474
4.309084	143.625259
4.309184	143.640060
4.309284	143.654861
4.309384	143.669662
4.309484	143.684464
4.309585	143.699265
4.309685	143.714066
4.309785	143.728867
4.309885	143.743668
4.309985	143.758469
4.400007	157.689987
4.400107	157.706192
4.400208	157.722397
4.400308	157.738602
4.400408	157.754822
4.400508	157.771042
4.400608	157.787262
4.400708	157.803482
4.400808	157.819702
4.400908	157.835922
4.401009	157.852142
4.401109	157.868362
4.401209	157.884583
4.401309	157.900818
4.401409	157.917053
4.401509	157.933289
4.401609	157.949524
4.401710	157.965759
4.401810	157.981995
4.401910	157.998230
4.402010	158.014465
4.402110	158.030701
4.402210	158.046951
4.402310	158.063202
4.402411	158.079453
4.402511	158.095703
4.402611	158.111954
4.402711	158.128204
4.402811	158.144455
4.402911	158.160706
4.403011	158.176956
4.403111	158.193207
4.403212	158.209473
4.403312	158.225739
4.403412	158.242004
4.403512	158.258270
4.403612	158.274536
4.403712	158.290802
4.403812	158.307068
4.403913	158.323334
4.404013	158.339600
4.404113	158.355881
4.404213	158.372162
4.404313	158.388443
4.404413	158.404724
4.404513	158.421005
4.404613	158.437286
4.404714	158.453568
4.404814	158.469849
4.404914	158.486130
4.405014	158.502426
4.405114	158.518723
4.405214	158.535019
4.405314	158.551315
4.405415	158.567612
4.405515	158.583908
4.405615	158.600204
4.405715	158.616501
4.405815	158.632797
4.405915	158.649094
4.406015	158.665405
4.406116	158.681717
4.406216	158.698029
4.406316	158.714340
4.406416	158.730652
4.406516	158.746964
4.406616	158.763275
4.406716	158.779587
4.406816	158.795898
4.406917	158.812225
4.407017	158.828552
4.407117	158.844879
4.407217	158.861206
4.407317	158.877533
4.407417	158.893860
4.407517	158.910187
4.407618	158.926514
4.407718	158.942841
4.407818	158.959183
4.407918	158.975525
4.408018	158.991867
4.408118	159.008209
4.408218	159.024551
4.408319	159.040894
4.408419	159.057236
4.408519	159.073578
4.408619	159.089920
4.408719	159.106277
4.408819	159.122635
4.408919	159.138992
4.409019	159.155350
4.409120	159.171707
4.409220	159.188065
4.409320	159.204422
4.409420	159.220779
4.409520	159.237137
4.409620	159.253494
4.409720	159.269867
4.409821	159.286240
4.409921	159.302612
4.500043	174.723450
4.500143	174.741379
4.500243	174.759308
4.500343	174.777237
4.500443	174.795166
4.500544	174.813095
4.500644	174.831024
4.500744	174.848953
4.500844	174.866882
4.500944	174.884827
4.501044	174.902771
4.501144	174.920715
4.501245	174.938660
4.501345	174.956604
4.501445	174.974548
4.501545	174.992493
4.501645	175.010437
4.501745	175.028381
4.501845	175.046341
4.501945	175.064301
4.502046	175.082260
4.502146	175.100220
4.502246	175.118179
4.502346	175.136139
4.502446	175.154099
4.502546	175.172058
4.502646	175.190033
4.502747	175.208008
4.502847	175.225983
4.502947	175.243958
4.503047	175.261932
4.503147	175.279907
4.503247	175.297882
4.503347	175.315857
4.503448	175.333832
4.503548	175.351822
4.503648	175.369812
4.503748	175.387802
4.503848	175.405792
4.503948	175.423782
4.504048	175.441772
4.504148	175.459763
4.504249	175.477753
4.504349	175.495758
4.504449	175.513763
4.504549	175.531769
4.504649	175.549774
4.504749	175.567780
4.504849	175.585785
4.504950	175.603790
4.505050	175.621796
4.505150	175.639801
4.505250	175.657822
4.505350	175.675842
4.505450	175.693863
4.505550	175.711884
4.505651	175.729904
4.505751	175.747925
4.505851	175.765945
4.505951	175.783966
4.506051	175.802002
4.506151	175.820038
4.506251	175.838074
4.506351	175.856110
4.506452	175.874146
4.506552	175.892181
4.506652	175.910217
4.506752	175.928253
4.506852	175.946289
4.506952	175.964340
4.507052	175.982391
4.507153	176.000443
4.507253	176.018494
4.507353	176.036545
4.507453	176.054596
4.507553	176.072647
4.507653	176.090698
4.507753	176.108765
4.507854	176.126831
4.507954	176.144897
4.508054	176.162964
4.508154	176.181030
4.508254	176.199097
4.508354	176.217163
4.508454	176.235229
4.508554	176.253311
4.508655	176.271393
4.508755	176.289474
4.508855	176.307556
4.508955	176.325638
4.509055	176.343719
4.509155	176.361801
4.509255	176.379883
4.509356	176.397964
4.509456	176.416061
4.509556	176.434158
4.509656	176.452255
4.509756	176.470352
4.509856	176.488449
4.509956	176.506546
4.600079	193.556885
4.600179	193.576706
4.600279	193.596527
4.600379	193.616348
4.600479	193.636169
4.600579	193.655991
4.600679	193.675812
4.600780	193.695633
4.600880	193.715469
4.600980	193.735306
4.601080	193.755142
4.601180	193.774979
4.601280	193.794815
4.601380	193.814651
4.601480	193.834488
4.601581	193.854324
4.601681	193.874176
4.601781	193.894028
4.601881	193.913879
4.601981	193.933731
4.602081	193.953583
4.602181	193.973434
4.602282	193.993286
4.602382	194.013153
4.602482	194.033020
4.602582	194.052887
4.602682	194.072754
4.602782	194.092621
4.602882	194.112488
4.602983	194.132355
4.603083	194.152222
4.603183	194.172104
4.603283	194.191986
4.603383	194.211868
4.603483	194.231750
4.603583	194.251633
4.603683	194.271515
4.603784	194.291397
4.603884	194.311279
4.603984	194.331177
4.604084	194.351074
4.604184	194.370972
4.604284	194.390869
4.604384	194.410767
4.604485	194.430664
4.604585	194.450562
4.604685	194.470474
4.604785	194.490387
4.604885	194.510300
4.604985	194.530212
4.605085	194.550125
4.605186	194.570038
4.605286	194.589951
4.605386	194.609863
4.605486	194.629791
4.605586	194.649719
4.605686	194.669647
4.605786	194.689575
4.605886	194.709503
4.605987	194.729431
4.606087	194.749359
4.606187	194.769287
4.606287	194.789230
4.606387	194.809174
4.606487	194.829117
4.606587	194.849060
4.606688	194.869003
4.606788	194.888947
4.606888	194.908890
4.606988	194.928848
4.607088	194.948807
4.607188	194.968765
4.607288	194.988724
4.607388	195.008682
4.607489	195.028641
4.607589	195.048599
4.607689	195.068558
4.607789	195.088531
4.607889	195.108505
4.607989	195.128479
4.608089	195.148453
4.608190	195.168427
4.608290	195.188400
4.608390	195.208374
4.608490	195.228363
4.608590	195.248352
4.608690	195.268341
4.608790	195.288330
4.608891	195.308319
4.608991	195.328308
4.609091	195.348297
4.609191	195.368286
4.609291	195.388290
4.609391	195.408295
4.609491	195.428299
4.609591	195.448303
4.609692	195.468307
4.609792	195.488312
4.609892	195.508316
4.609992	195.528320
4.700014	214.357468
4.700114	214.379379
4.700214	214.401291
4.700315	214.423203
4.700415	214.445114
4.700515	214.467026
4.700615	214.488937
4.700715	214.510849
4.700815	214.532776
4.700915	214.554703
4.701015	214.576630
4.701116	214.598557
4.701216	214.620483
4.701316	214.642410
4.701416	214.664337
4.701516	214.686279
4.701616	214.708221
4.701716	214.730164
4.701817	214.752106
4.701917	214.774048
4.702017	214.795990
4.702117	214.817947
4.702217	214.839905
4.702317	214.861862
4.702417	214.883820
4.702518	214.905777
4.702618	214.927734
4.702718	214.949692
4.702818	214.971664
4.702918	214.993637
4.703018	215.015610
4.703118	215.037582
4.703218	215.059555
4.703319	215.081528
4.703419	215.103500
4.703519	215.125488
4.703619	215.147476
4.703719	215.169464
4.703819	215.191452
4.703919	215.213440
4.704020	215.235428
4.704120	215.257416
4.704220	215.279419
4.704320	215.301422
4.704420	215.323425
4.704520	215.345428
4.704620	215.367432
4.704720	215.389435
4.704821	215.411438
4.704921	215.433456
4.705021	215.455475
4.705121	215.477493
4.705221	215.499512
4.705321	215.521530
4.705421	215.543549
4.705522	215.565567
4.705622	215.587601
4.705722	215.609634
4.705822	215.631668
4.705922	215.653702
4.706022	215.675735
4.706122	215.697769
4.706223	215.719803
4.706323	215.741852
4.706423	215.763901
4.706523	215.785950
4.706623	215.807999
4.706723	215.830048
4.706823	215.852097
4.706923	215.874146
4.707024	215.896210
4.707124	215.918274
4.707224	215.940338
4.707324	215.962402
4.707424	215.984467
4.707524	216.006531
4.707624	216.028595
4.707725	216.050674
4.707825	216.072754
4.707925	216.094833
4.708025	216.116913
4.708125	216.138992
4.708225	216.161072
4.708325	216.183151
4.708426	216.205246
4.708526	216.227341
4.708626	216.249435
4.708726	216.271530
4.708826	216.293625
4.708926	216.315720
4.709026	216.337830
4.709126	216.359940
4.709227	216.382050
4.709327	216.404160
4.709427	216.426270
4.709527	216.448380
4.709627	216.470490
4.709727	216.492615
4.709827	216.514740
4.709928	216.536865
4.800050	237.375687
4.800150	237.399902
4.800250	237.424118
4.800350	237.448334
4.800450	237.472565
4.800550	237.496796
4.800651	237.521027
4.800751	237.545258
4.800851	237.569489
4.800951	237.593719
4.801051	237.617966
4.801151	237.642212
4.801251	237.666458
4.801352	237.690704
4.801452	237.714951
4.801552	237.739197
4.801652	237.763458
4.801752	237.787720
4.801852	237.811981
4.801952	237.836243
4.802052	237.860504
4.802153	237.884766
4.802253	237.909027
4.802353	237.933304
4.802453	237.957581
4.802553	237.981857
4.802653	238.006134
4.802753	238.030411
4.802854	238.054688
4.802954	238.078979
4.803054	238.103271
4.803154	238.127563
4.803254	238.151855
4.803354	238.176147
4.803454	238.200439
4.803555	238.224747
4.803655	238.249054
4.803755	238.273361
4.803855	238.297668
4.803955	238.321976
4.804055	238.346283
4.804155	238.370605
4.804255	238.394928
4.804356	238.419250
4.804456	238.443573
4.804556	238.467896
4.804656	238.492218
4.804756	238.516541
4.804856	238.540878
4.804956	238.565216
4.805057	238.589554
4.805157	238.613892
4.805257	238.638229
4.805357	238.662567
4.805457	238.686920
4.805557	238.711273
4.805657	238.735626
4.805758	238.759979
4.805858	238.784332
4.805958	238.808685
4.806058	238.833054
4.806158	238.857422
4.806258	238.881790
4.806358	238.906158
4.806458	238.930527
4.806559	238.954895
4.806659	238.979279
4.806759	239.003662
4.806859	239.028046
4.806959	239.052429
4.807059	239.076813
4.807159	239.101196
4.807260	239.125580
4.807360	239.149979
4.807460	239.174377
4.807560	239.198776
4.807660	239.223175
4.807760	239.247574
4.807860	239.271973
4.807961	239.296387
4.808061	239.320801
4.808161	239.345215
4.808261	239.369629
4.808361	239.394043
4.808461	239.418457
4.808561	239.442886
4.808661	239.467316
4.808762	239.491745
4.808862	239.516174
4.808962	239.540604
4.809062	239.565033
4.809162	239.589478
4.809262	239.613922
4.809362	239.638367
4.809463	239.662811
4.809563	239.687256
4.809663	239.711700
4.809763	239.736145
4.809863	239.760605
4.809963	239.785065
4.900085	262.822540
4.900186	262.849304
4.900286	262.876068
4.900386	262.902832
4.900486	262.929626
4.900586	262.956421
4.900686	262.983215
4.900786	263.010010
4.900887	263.036804
4.900987	263.063599
4.901087	263.090393
4.901187	263.117188
4.901287	263.143982
4.901387	263.170776
4.901487	263.197571
4.901587	263.224396
4.901688	263.251221
4.901788	263.278046
4.901888	263.304871
4.901988	263.331696
4.902088	263.358521
4.902188	263.385345
4.902288	263.412170
4.902389	263.438995
4.902489	263.465820
4.902589	263.492645
4.902689	263.519470
4.902789	263.546326
4.902889	263.573181
4.902989	263.600037
4.903090	263.626892
4.903190	263.653748
4.903290	263.680603
4.903390	263.707458
4.903490	263.734314
4.903590	263.761169
4.903690	263.788025
4.903790	263.814880
4.903891	263.841766
4.903991	263.868652
4.904091	263.895538
4.904191	263.922424
4.904291	263.949310
4.904391	263.976196
4.904491	264.003082
4.904592	264.029968
4.904692	264.056854
4.904792	264.083740
4.904892	264.110626
4.904992	264.137543
4.905092	264.164459
4.905192	264.191376
4.905293	264.218292
4.905393	264.245209
4.905493	264.272125
4.905593	264.299042
4.905693	264.325958
4.905793	264.352875
4.905893	264.379791
4.905993	264.406708
4.906094	264.433624
4.906194	264.460571
4.906294	264.487518
4.906394	264.514465
4.906494	264.541412
4.906594	264.568359
4.906694	264.595306
4.906795	264.622253
4.906895	264.649200
4.906995	264.676147
4.907095	264.703094
4.907195	264.730042
4.907295	264.757019
4.907395	264.783997
4.907495	264.810974
4.907596	264.837952
4.907696	264.864929
4.907796	264.891907
4.907896	264.918884
4.907996	264.945862
4.908096	264.972839
4.908196	264.999817
4.908297	265.026794
4.908397	265.053802
4.908497	265.080811
4.908597	265.107819
4.908697	265.134827
4.908797	265.161835
4.908897	265.188843
4.908998	265.215851
4.909098	265.242859
4.909198	265.269867
4.909298	265.296875
4.909398	265.323883
4.909498	265.350922
4.909598	265.377960
4.909698	265.404999
4.909799	265.432037
4.909899	265.459076
4.909999	265.486115
5.000021	290.923706
5.000121	290.953308
5.000221	290.982910
5.000321	291.012512
5.000422	291.042114
5.000522	291.071716
5.000622	291.101318
5.000722	291.130920
5.000822	291.160522
5.000922	291.190125
5.001022	291.219757
5.001122	291.249390
5.001223	291.279022
5.001323	291.308655
5.001423	291.338287
5.001523	291.367920
5.001623	291.397552
5.001723	291.427185
5.001823	291.456818
5.001924	291.486450
5.002024	291.516113
5.002124	291.545776
5.002224	291.575439
5.002324	291.605103
5.002424	291.634766
5.002524	291.664429
5.002625	291.694092
5.002725	291.723755
5.002825	291.753418
5.002925	291.783081
5.003025	291.812775
5.003125	291.842468
5.003225	291.872162
5.003325	291.901855
5.003426	291.931549
5.003526	291.961243
5.003626	291.990936
5.003726	292.020630
5.003826	292.050323
5.003926	292.080017
5.004026	292.109711
5.004127	292.139435
5.004227	292.169159
5.004327	292.198883
5.004427	292.228607
5.004527	292.258331
5.004627	292.288055
5.004727	292.317780
5.004827	292.347504
5.004928	292.377228
5.005028	292.406952
5.005128	292.436707
5.005228	292.466461
5.005328	292.496216
5.005428	292.525970
5.005528	292.555725
5.005629	292.585480
5.005729	292.615234
5.005829	292.644989
5.005929	292.674744
5.006029	292.704498
5.006129	292.734283
5.006229	292.764069
5.006330	292.793854
5.006430	292.823639
5.006530	292.853424
5.006630	292.883209
5.006730	292.912994
5.006830	292.942780
5.006930	292.972565
5.007030	293.002350
5.007131	293.032166
5.007231	293.061981
5.007331	293.091797
5.007431	293.121613
5.007531	293.151428
5.007631	293.181244
5.007731	293.211060
5.007832	293.240875
5.007932	293.270691
5.008032	293.300507
5.008132	293.330322
5.008232	293.360168
5.008332	293.390015
5.008432	293.419861
5.008533	293.449707
5.008633	293.479553
5.008733	293.509399
5.008833	293.539246
5.008933	293.569092
5.009033	293.598938
5.009133	293.628784
5.009233	293.658661
5.009334	293.688538
5.009434	293.718414
5.009534	293.748291
5.009634	293.778168
5.009734	293.808044
5.009834	293.837921
5.009934	293.867798
